0 0.348145 0.602431 0.196777 0.659722 0.186035 0.801215 0.349121 0.739583
0 0.538574 0.595486 0.395508 0.602431 0.400879 0.755208 0.552734 0.739583
0 0.754883 0.686632 0.724609 0.562500 0.593262 0.578125 0.616211 0.718750
0 0.193359 0.552083 0.336426 0.597222 0.364258 0.472222 0.228516 0.429688
0 0.520020 0.408854 0.387207 0.407986 0.388184 0.529514 0.529297 0.526042
0 0.563477 0.404514 0.576660 0.518229 0.706055 0.519965 0.685059 0.409722
0 0.178711 0.377604 0.308594 0.388889 0.332031 0.293403 0.211914 0.282118
0 0.680176 0.347222 0.653320 0.250000 0.546387 0.259549 0.567383 0.368056
0 0.505371 0.335069 0.481934 0.248264 0.362305 0.284722 0.381836 0.382812
0 0.214844 0.143229 0.205566 0.236111 0.333984 0.236979 0.335938 0.142361
0 0.497070 0.211806 0.471191 0.131944 0.364746 0.156250 0.384766 0.244792
0 0.635254 0.137153 0.591797 0.088542 0.503418 0.143229 0.542480 0.197917