0 0.427083 0.682813 0.350000 0.724219 0.404167 0.809375 0.478125 0.768750
0 0.560417 0.611719 0.501042 0.653125 0.555208 0.726562 0.615625 0.685156
0 0.668750 0.550781 0.619792 0.592187 0.675000 0.658594 0.721875 0.614844
0 0.392708 0.525000 0.304167 0.543750 0.325000 0.655469 0.412500 0.633594
0 0.756250 0.496875 0.707292 0.532813 0.750000 0.601562 0.796875 0.567969
0 0.494792 0.479687 0.423958 0.517188 0.482292 0.604688 0.547917 0.567969
0 0.578125 0.446875 0.527083 0.494531 0.598958 0.561719 0.646875 0.515625
0 0.697917 0.384375 0.644792 0.419531 0.695833 0.497656 0.745833 0.464062
0 0.298958 0.376563 0.203125 0.410938 0.279167 0.521875 0.365625 0.482031
0 0.417708 0.345313 0.344792 0.385937 0.422917 0.482031 0.489583 0.438281
0 0.522917 0.295312 0.452083 0.325781 0.509375 0.426563 0.576042 0.396094
0 0.644792 0.249219 0.579167 0.263281 0.610417 0.370312 0.671875 0.351562