0 0.535417 0.569531 0.301042 0.642188 0.359375 0.755469 0.596875 0.685156
0 0.396875 0.353125 0.305208 0.450781 0.507292 0.560937 0.598958 0.461719
0 0.787500 0.273438 0.583333 0.400000 0.683333 0.493750 0.892708 0.367969
0 0.478125 0.232031 0.478125 0.223438 0.481250 0.223438 0.481250 0.232031
0 0.481250 0.212500 0.481250 0.212500 0.481250 0.212500 0.481250 0.212500
0 0.482292 0.195312 0.482292 0.199219 0.481250 0.200000 0.482292 0.202344
0 0.489583 0.180469 0.489583 0.184375 0.489583 0.182031 0.490625 0.181250
0 0.495833 0.169531 0.497917 0.168750 0.498958 0.169531 0.497917 0.171094
0 0.528125 0.153906 0.528125 0.153906 0.520833 0.153906 0.520833 0.153906
0 0.563542 0.136719 0.469792 0.314844 0.616667 0.357812 0.714583 0.175781
0 -0.040625 0.142969 0.043750 -0.012500 0.229167 0.043750 0.143750 0.200000