0 0.786458 0.650879 0.760417 0.775879 0.895833 0.781738 0.919271 0.657227
0 0.415799 0.643066 0.325521 0.773438 0.466146 0.802734 0.554688 0.673340
0 0.639757 0.625977 0.551215 0.751465 0.676215 0.781250 0.760417 0.657715
0 0.184896 0.621582 0.112847 0.768066 0.263889 0.782715 0.333333 0.642090
0 0.794271 0.487793 0.792535 0.610840 0.911458 0.618164 0.910590 0.498047
0 0.617188 0.470215 0.592014 0.598145 0.723090 0.609863 0.744792 0.485840
0 0.395833 0.471191 0.399306 0.604980 0.543403 0.603516 0.539062 0.472656
0 0.325521 0.444824 0.171875 0.448242 0.191840 0.586914 0.348090 0.576660
0 0.802083 0.320312 0.786458 0.433594 0.902778 0.448242 0.917535 0.337402
0 0.632812 0.306641 0.599826 0.420898 0.725694 0.440918 0.756076 0.328125
0 0.424479 0.280762 0.429688 0.403320 0.561632 0.412598 0.556424 0.292480
0 0.289062 0.262695 0.139757 0.281738 0.201389 0.415527 0.348958 0.395996