0 0.398438 0.889583 0.400000 0.889583 0.400781 0.891667 0.399219 0.891667
0 0.419531 0.884375 0.419531 0.884375 0.419531 0.884375 0.419531 0.884375
0 0.396875 0.884375 0.396094 0.884375 0.396094 0.886458 0.396094 0.885417
0 0.391406 0.880208 0.392188 0.879167 0.392969 0.880208 0.392188 0.881250
0 0.480469 0.742708 0.363281 0.786458 0.402344 0.885417 0.522656 0.841667
0 0.657813 0.688542 0.511719 0.731250 0.546875 0.834375 0.694531 0.798958
0 0.423438 0.600000 0.301563 0.653125 0.345313 0.752083 0.466406 0.708333
0 0.399219 0.603125 0.399219 0.598958 0.402344 0.598958 0.402344 0.603125
0 0.407813 0.589583 0.407031 0.590625 0.407031 0.591667 0.407813 0.592708
0 0.596094 0.506250 0.450781 0.570833 0.494531 0.682292 0.638281 0.630208
0 0.353906 0.436458 0.234375 0.510417 0.286719 0.615625 0.407813 0.551042
0 0.521875 0.329167 0.378125 0.421875 0.432031 0.539583 0.575781 0.458333