0 0.445833 0.753906 0.357292 0.839063 0.498958 0.957812 0.582292 0.867969
0 0.539583 0.634375 0.462500 0.708594 0.606250 0.813281 0.676042 0.735156
0 0.210417 0.521094 0.112500 0.596094 0.284375 0.707812 0.372917 0.623437
0 0.622917 0.519531 0.544792 0.568750 0.656250 0.686719 0.732292 0.630469
0 0.711458 0.457031 0.637500 0.497656 0.736458 0.610938 0.809375 0.565625
0 0.415625 0.429688 0.316667 0.471875 0.423958 0.600000 0.517708 0.551562
0 0.505208 0.332813 0.410417 0.357031 0.489583 0.485156 0.582292 0.455469
0 -0.021875 0.338281 0.098958 0.281250 0.223958 0.430469 0.101042 0.488281
0 0.602083 0.280469 0.531250 0.314063 0.635417 0.421094 0.704167 0.380469
0 0.257292 0.195312 0.143750 0.215625 0.229167 0.346094 0.342708 0.317969
0 0.378125 0.171094 0.279167 0.189062 0.366667 0.311719 0.462500 0.286719
0 0.477083 0.150781 0.400000 0.181250 0.505208 0.289844 0.581250 0.251563