0 0.216406 0.700000 0.216406 0.700000 0.216406 0.695833 0.216406 0.695833
0 0.646094 0.626042 0.607031 0.754167 0.763281 0.847917 0.807031 0.720833
0 0.548438 0.592708 0.407813 0.691667 0.454688 0.813542 0.596094 0.709375
0 0.328906 0.587500 0.212500 0.722917 0.276562 0.828125 0.393750 0.685417
0 0.298438 0.578125 0.298438 0.578125 0.298438 0.562500 0.298438 0.562500
0 0.298438 0.544792 0.298438 0.534375 0.299219 0.534375 0.299219 0.544792
0 0.857812 0.429167 0.681250 0.438542 0.683594 0.575000 0.857812 0.576042
0 0.628125 0.412500 0.466406 0.435417 0.474219 0.563542 0.631250 0.554167
0 0.161719 0.398958 0.123438 0.518750 0.263281 0.602083 0.298438 0.480208
0 0.337500 0.363542 0.329688 0.577083 0.426563 0.583333 0.435156 0.369792
0 0.724219 0.121875 0.663281 0.337500 0.764844 0.382292 0.825781 0.167708
0 0.517188 0.116667 0.440625 0.211458 0.544531 0.370833 0.623437 0.275000
0 0.264844 0.116667 0.192969 0.205208 0.294531 0.357292 0.367188 0.263542