0 0.216146 0.650391 0.067708 0.666016 0.067708 0.804688 0.229167 0.788086
0 0.192708 0.642578 0.192708 0.642578 0.192708 0.642578 0.192708 0.642578
0 0.187500 0.637695 0.190104 0.637695 0.190104 0.641113 0.187500 0.641113
0 0.432292 0.629883 0.284722 0.641113 0.287326 0.782227 0.448785 0.771973
0 0.654514 0.630371 0.504340 0.634766 0.497396 0.777344 0.662326 0.776367
0 0.861111 0.623047 0.861111 0.623047 0.861111 0.623047 0.861111 0.623047
0 0.835938 0.609863 0.683160 0.622559 0.720486 0.766113 0.888889 0.754883
0 0.286458 0.516602 0.153646 0.522461 0.119792 0.626953 0.263889 0.621094
0 0.762153 0.476562 0.736111 0.582520 0.894965 0.598633 0.906250 0.489746
0 0.376736 0.475586 0.314236 0.582031 0.446181 0.595215 0.500000 0.485840
0 0.532986 0.474609 0.500000 0.579590 0.646701 0.584473 0.666667 0.478027
0 0.228299 0.383301 0.171875 0.475586 0.287326 0.481934 0.339410 0.387695
0 0.512153 0.355957 0.394097 0.365723 0.404514 0.443359 0.533854 0.434570
0 0.611111 0.347168 0.561632 0.427734 0.689236 0.437988 0.731771 0.355957
0 0.818576 0.347168 0.782118 0.437500 0.922743 0.443848 0.952257 0.348633