0 0.431250 0.714844 0.343750 0.719531 0.341667 0.830469 0.432292 0.826562
0 0.553125 0.601562 0.468750 0.603906 0.469792 0.707812 0.556250 0.707031
0 0.173958 0.600000 0.089583 0.625781 0.139583 0.722656 0.225000 0.694531
0 0.355208 0.594531 0.272917 0.610938 0.305208 0.710938 0.388542 0.691406
0 0.490625 0.475781 0.402083 0.548438 0.462500 0.590625 0.550000 0.517969
0 0.194792 0.471094 0.115625 0.493750 0.165625 0.587500 0.244792 0.561719
0 0.319792 0.426563 0.260417 0.467187 0.351042 0.538281 0.409375 0.497656
0 0.230208 0.328125 0.145833 0.337500 0.182292 0.429688 0.268750 0.415625
0 0.696875 0.310937 0.668750 0.416406 0.765625 0.430469 0.791667 0.324219
0 0.833333 0.202344 0.783333 0.284375 0.868750 0.313281 0.910417 0.231250
0 0.608333 0.192969 0.598958 0.293750 0.692708 0.296875 0.698958 0.196875