0 0.926042 0.782031 0.714583 0.782813 0.714583 0.885156 0.923958 0.882031
0 0.483333 0.778906 0.470833 0.881250 0.685417 0.895312 0.696875 0.792969
0 0.229167 0.750781 0.223958 0.852344 0.438542 0.866406 0.441667 0.761719
0 0.669792 0.649219 0.455208 0.661719 0.462500 0.764844 0.679167 0.750781
0 0.916667 0.641406 0.709375 0.657031 0.720833 0.758594 0.928125 0.742188
0 0.190625 0.637500 0.194792 0.736719 0.407292 0.740625 0.406250 0.635156
0 0.225000 0.516406 0.216667 0.615625 0.425000 0.625781 0.430208 0.523438
0 0.672917 0.514062 0.462500 0.521875 0.467708 0.624219 0.678125 0.614062
0 0.907292 0.505469 0.701042 0.520312 0.712500 0.619531 0.918750 0.605469
0 0.222917 0.405469 0.214583 0.503906 0.421875 0.513281 0.429167 0.411719
0 0.676042 0.384375 0.464583 0.393750 0.471875 0.493750 0.682292 0.484375
0 0.904167 0.379688 0.697917 0.386719 0.703125 0.485938 0.911458 0.478125
0 0.896875 0.256250 0.690625 0.255469 0.692708 0.353125 0.896875 0.355469
0 0.664583 0.243750 0.454167 0.256250 0.467708 0.357031 0.675000 0.342187
0 0.310417 0.217969 0.309375 0.377344 0.444792 0.378906 0.443750 0.218750