0 0.998958 0.727344 0.932292 0.731250 0.946875 0.832812 0.998958 0.830469
0 0.904167 0.720313 0.831250 0.725000 0.844792 0.828125 0.920833 0.821875
0 0.730208 0.721875 0.732292 0.825781 0.810417 0.825000 0.806250 0.723437
0 0.623958 0.719531 0.626042 0.826562 0.705208 0.824219 0.703125 0.719531
0 0.894792 0.600781 0.815625 0.603125 0.834375 0.702344 0.909375 0.696875
0 0.912500 0.597656 0.914583 0.692969 0.989583 0.696094 0.983333 0.600781
0 0.733333 0.596875 0.734375 0.693750 0.812500 0.697656 0.812500 0.602344
0 0.627083 0.595313 0.621875 0.694531 0.701042 0.700781 0.704167 0.599219
0 0.911458 0.495312 0.915625 0.585156 0.987500 0.588281 0.979167 0.497656
0 0.825000 0.489844 0.826042 0.580469 0.906250 0.583594 0.896875 0.492969
0 0.719792 0.478125 0.717708 0.571094 0.795833 0.576562 0.792708 0.482812
0 0.622917 0.474219 0.620833 0.567969 0.698958 0.571875 0.697917 0.478906