0 0.246875 0.599219 0.126042 0.619531 0.134375 0.739062 0.265625 0.713281
0 0.661458 0.583594 0.560417 0.670312 0.669792 0.719531 0.763542 0.625000
0 0.833333 0.576562 0.775000 0.675000 0.908333 0.711719 0.954167 0.603125
0 0.419792 0.570312 0.379167 0.681250 0.502083 0.690625 0.529167 0.579688
0 0.637500 0.468750 0.596875 0.521094 0.760417 0.569531 0.797917 0.509375
0 0.266667 0.456250 0.168750 0.478125 0.207292 0.570312 0.313542 0.542188
0 0.513542 0.428125 0.423958 0.446875 0.478125 0.534375 0.575000 0.513281
0 0.864583 0.415625 0.796875 0.486719 0.900000 0.522656 0.961458 0.443750
0 0.690625 0.386719 0.671875 0.460156 0.772917 0.473438 0.786458 0.393750
0 0.633333 0.357812 0.490625 0.367188 0.497917 0.414844 0.646875 0.405469
0 0.198958 0.383594 0.253125 0.329688 0.359375 0.389844 0.305208 0.443750