0 0.293403 0.653320 0.191840 0.807129 0.354167 0.836914 0.442708 0.672852
0 -0.052083 0.793457 0.036458 0.628906 0.207465 0.658203 0.118056 0.823242
0 0.552951 0.622070 0.463542 0.768066 0.643229 0.801270 0.717882 0.648926
0 0.904514 0.619629 0.730903 0.636719 0.782986 0.801270 0.975694 0.786621
0 0.219618 0.497070 0.075521 0.512207 0.065104 0.617188 0.224826 0.599609
0 0.415799 0.490234 0.270833 0.507812 0.278646 0.621094 0.438368 0.603027
0 0.646701 0.481934 0.499132 0.485352 0.486979 0.596191 0.652778 0.593262
0 0.866319 0.481445 0.712674 0.486328 0.739583 0.592773 0.912326 0.589355
0 0.445312 0.372559 0.315972 0.377930 0.310764 0.451172 0.452257 0.447754
0 0.189236 0.370605 0.072049 0.402344 0.102431 0.483887 0.230035 0.451172
0 0.645833 0.372559 0.513021 0.374023 0.490451 0.452148 0.629340 0.454102
0 0.822049 0.356445 0.687500 0.360840 0.697917 0.443359 0.845486 0.439941