0 0.621875 0.610156 0.596875 0.750000 0.713542 0.766406 0.737500 0.625781
0 0.497917 0.578906 0.454167 0.713281 0.565625 0.735938 0.604167 0.598437
0 0.220833 0.557031 0.143750 0.678125 0.243750 0.708594 0.315625 0.584375
0 0.822917 0.542969 0.790625 0.617969 0.965625 0.670312 0.994792 0.591406
0 0.364583 0.541406 0.323958 0.671094 0.431250 0.691406 0.469792 0.560156
0 0.539583 0.492188 0.516667 0.566406 0.690625 0.596875 0.707292 0.517188
0 0.333333 0.447656 0.181250 0.481250 0.186458 0.550000 0.347917 0.517969
0 0.673958 0.378906 0.660417 0.492969 0.771875 0.502344 0.781250 0.387500
0 0.529167 0.362500 0.489583 0.471094 0.591667 0.489063 0.628125 0.377344
0 0.481250 0.349219 0.380208 0.351562 0.380208 0.463281 0.483333 0.459375
0 0.280208 0.319531 0.187500 0.333594 0.208333 0.437500 0.306250 0.419531
0 0.519792 0.216406 0.496875 0.312500 0.591667 0.320312 0.610417 0.224219