0 0.636458 0.673438 0.594792 0.803125 0.701042 0.828906 0.740625 0.696875
0 0.513542 0.646875 0.356250 0.686719 0.384375 0.767188 0.546875 0.725781
0 0.644792 0.521094 0.655208 0.639844 0.760417 0.640625 0.744792 0.521875
0 0.381250 0.517188 0.229167 0.553125 0.252083 0.624219 0.407292 0.587500
0 0.284375 0.421094 0.154167 0.485938 0.208333 0.542188 0.337500 0.474219
0 0.352083 0.414844 0.503125 0.378125 0.604167 0.609375 0.453125 0.646094
0 0.873958 0.392188 0.758333 0.452344 0.819792 0.510156 0.936458 0.447656
0 0.686458 0.359375 0.558333 0.407813 0.603125 0.466406 0.734375 0.415625
0 0.329167 0.312500 0.204167 0.364844 0.247917 0.419531 0.373958 0.364844
0 0.657292 0.277344 0.531250 0.325000 0.575000 0.377344 0.702083 0.328906
0 0.565625 0.207813 0.446875 0.253906 0.489583 0.303906 0.610417 0.255469