0 0.544792 0.665625 0.408333 0.703125 0.420833 0.784375 0.550000 0.739062
0 0.292708 0.657031 0.201042 0.798438 0.303125 0.823438 0.384375 0.688281
0 0.778125 0.610156 0.677083 0.627344 0.682292 0.695312 0.780208 0.672656
0 0.597917 0.585156 0.538542 0.635938 0.607292 0.720313 0.665625 0.669531
0 0.357292 0.544531 0.172917 0.548438 0.166667 0.645312 0.352083 0.631250
0 0.520833 0.502344 0.418750 0.597656 0.480208 0.646875 0.573958 0.553906
0 0.654167 0.468750 0.595833 0.517188 0.661458 0.597656 0.713542 0.547656
0 0.735417 0.385156 0.634375 0.389844 0.638542 0.462500 0.739583 0.453125
0 0.378125 0.371875 0.385417 0.510938 0.473958 0.505469 0.466667 0.375781
0 0.585417 0.330469 0.506250 0.349219 0.544792 0.468750 0.618750 0.445312
0 0.739583 0.272656 0.643750 0.306250 0.672917 0.376563 0.762500 0.337500
0 0.173958 0.267188 0.150000 0.367188 0.339583 0.403125 0.358333 0.315625
0 0.509375 0.201563 0.385417 0.256250 0.440625 0.335938 0.555208 0.278906
0 0.611458 0.138281 0.536458 0.149219 0.579167 0.279687 0.647917 0.263281
0 0.672917 0.135937 0.642708 0.200781 0.738542 0.262500 0.763542 0.200781
0 0.185417 0.100000 0.168750 0.200000 0.357292 0.249219 0.373958 0.157812