0 -0.065104 0.703125 0.072049 0.580078 0.199653 0.625000 0.060764 0.748535
0 0.310764 0.584961 0.165799 0.698730 0.284722 0.736328 0.427083 0.613281
0 0.509549 0.579590 0.409722 0.689941 0.564236 0.723145 0.653646 0.606934
0 0.794271 0.573242 0.728299 0.687500 0.901042 0.716797 0.955729 0.594727
0 0.073785 0.532715 0.076389 0.531250 0.078125 0.532227 0.075521 0.533691
0 0.078125 0.529785 0.083333 0.526855 0.086806 0.528809 0.081597 0.531738
0 0.094618 0.525391 0.094618 0.525391 0.094618 0.525391 0.094618 0.525391
0 0.105903 0.513184 0.111111 0.512207 0.112847 0.514160 0.108507 0.515625
0 0.295139 0.504883 0.177083 0.491699 0.071181 0.563965 0.199653 0.579102
0 0.833333 0.480469 0.786458 0.552246 0.942708 0.571289 0.973958 0.494141
0 0.484375 0.486328 0.368056 0.478516 0.278646 0.557129 0.406250 0.568359
0 0.520833 0.477539 0.456597 0.554199 0.594618 0.567871 0.648438 0.486328
0 0.336806 0.419922 0.336806 0.419922 0.336806 0.419922 0.336806 0.419922
0 0.193576 0.404785 0.149306 0.472656 0.270833 0.475586 0.307292 0.407227
0 0.707465 0.415527 0.604167 0.399414 0.514757 0.447266 0.624132 0.464844
0 0.476562 0.402344 0.362847 0.401367 0.338542 0.462402 0.461806 0.463379
0 0.872396 0.378418 0.757812 0.395996 0.825521 0.454590 0.948785 0.431641