0 0.318750 0.559375 0.321875 0.656250 0.531250 0.655469 0.528125 0.557813
0 0.565625 0.554688 0.567708 0.654687 0.782292 0.660937 0.779167 0.552344
0 0.513542 0.430469 0.306250 0.432031 0.306250 0.532031 0.515625 0.530469
0 0.576042 0.430469 0.566667 0.526563 0.782292 0.540625 0.794792 0.441406
0 0.797917 0.364844 0.798958 0.364063 0.798958 0.364063 0.797917 0.364844
0 0.783333 0.307812 0.566667 0.309375 0.562500 0.411719 0.780208 0.412500
0 0.317708 0.296875 0.314583 0.397656 0.525000 0.404687 0.529167 0.302344
0 0.780208 0.188281 0.559375 0.194531 0.560417 0.297656 0.779167 0.294531
0 0.316667 0.169531 0.303125 0.271875 0.514583 0.289062 0.529167 0.185156
0 0.318750 0.057031 0.317708 0.162500 0.532292 0.161719 0.532292 0.056250
0 0.573958 0.054688 0.564583 0.159375 0.783333 0.169531 0.795833 0.060937