0 0.184896 0.710449 0.164931 0.832520 0.294271 0.835938 0.310764 0.714844
0 0.375868 0.708008 0.348090 0.825684 0.471354 0.841797 0.498264 0.720703
0 0.572049 0.669922 0.532986 0.790039 0.662326 0.806641 0.697917 0.685059
0 0.841146 0.665527 0.708333 0.680176 0.756076 0.798828 0.890625 0.786621
0 0.255208 0.556641 0.140625 0.579590 0.186632 0.683594 0.303819 0.661133
0 0.426215 0.550781 0.309896 0.571289 0.356771 0.679688 0.476562 0.659180
0 0.616319 0.532227 0.495660 0.541992 0.516493 0.652832 0.643229 0.643066
0 0.794271 0.519043 0.671875 0.531738 0.714410 0.641602 0.840278 0.628418
0 0.172743 0.425781 0.079861 0.458496 0.152778 0.549805 0.250868 0.518066
0 0.404514 0.403320 0.292535 0.418457 0.325521 0.512207 0.442708 0.497559
0 0.588542 0.397461 0.473090 0.404297 0.479167 0.501953 0.598958 0.497070
0 0.743924 0.375000 0.627604 0.387695 0.657986 0.486328 0.777778 0.474609