0 0.314167 0.627500 0.052500 0.642500 0.047500 0.774375 0.311667 0.745625
0 0.545000 0.611875 0.347500 0.623125 0.345833 0.740000 0.545000 0.718125
0 0.592500 0.583750 0.595000 0.685000 0.748333 0.677500 0.747500 0.583125
0 0.751667 0.463750 0.602500 0.467500 0.610000 0.563125 0.759167 0.552500
0 0.380833 0.455625 0.382500 0.564375 0.572500 0.560625 0.568333 0.463750
0 0.333333 0.455000 0.080000 0.454375 0.085000 0.579375 0.338333 0.564375
0 0.614167 0.330000 0.620833 0.423750 0.765833 0.430625 0.760833 0.343750
0 0.386667 0.310625 0.396667 0.416250 0.580000 0.420000 0.570833 0.321875
0 0.105833 0.293750 0.125833 0.413750 0.365000 0.406875 0.345833 0.297500
0 0.634167 0.204375 0.638333 0.293125 0.778333 0.315000 0.776667 0.231875
0 0.412500 0.160625 0.395833 0.257500 0.578333 0.305625 0.589167 0.213750
0 0.110833 0.127500 0.127500 0.248750 0.361667 0.263750 0.346667 0.157500