0 0.464583 0.490625 0.310417 0.517188 0.407292 0.713281 0.569792 0.668750
0 0.879167 0.478125 0.880208 0.478125 0.880208 0.481250 0.879167 0.481250
0 0.864583 0.470313 0.864583 0.470313 0.864583 0.470313 0.864583 0.470313
0 0.868750 0.469531 0.871875 0.467969 0.878125 0.475000 0.873958 0.476562
0 0.868750 0.466406 0.868750 0.466406 0.868750 0.466406 0.868750 0.466406
0 0.695833 0.465625 0.700000 0.465625 0.700000 0.467187 0.695833 0.467187
0 0.685417 0.457813 0.688542 0.456250 0.693750 0.463281 0.690625 0.464062
0 0.650000 0.453125 0.522917 0.477344 0.636458 0.646875 0.767708 0.610938
0 0.856250 0.450781 0.856250 0.450781 0.856250 0.450781 0.856250 0.450781
0 0.848958 0.446094 0.851042 0.446094 0.851042 0.447656 0.848958 0.447656
0 0.852083 0.442969 0.852083 0.443750 0.853125 0.443750 0.853125 0.442969
0 0.848958 0.438281 0.847917 0.439063 0.848958 0.439844 0.848958 0.440625
0 0.843750 0.434375 0.845833 0.434375 0.845833 0.435937 0.843750 0.435937
0 0.833333 0.432031 0.833333 0.432031 0.833333 0.430469 0.833333 0.430469
0 0.698958 0.446875 0.815625 0.603125 0.951042 0.569531 0.814583 0.430469
0 0.197917 0.281250 0.267708 0.428125 0.417708 0.407813 0.341667 0.274219
0 0.410417 0.282813 0.504167 0.415625 0.626042 0.392188 0.528125 0.271094
0 0.583333 0.271094 0.665625 0.392188 0.780208 0.380469 0.689583 0.263281
0 0.492708 0.136719 0.564583 0.236719 0.668750 0.231250 0.593750 0.135937
0 0.139583 0.137500 0.191667 0.256250 0.333333 0.249219 0.275000 0.137500
0 0.312500 0.132031 0.384375 0.243750 0.501042 0.235156 0.426042 0.132031