0 0.384375 0.699219 0.161458 0.743750 0.180208 0.858594 0.413542 0.807031
0 0.385417 0.796094 0.461458 0.610156 0.890625 0.708594 0.814583 0.895312
0 0.272917 0.536719 0.145833 0.568750 0.200000 0.715625 0.333333 0.675781
0 0.539583 0.519531 0.344792 0.526563 0.342708 0.616406 0.548958 0.607031
0 0.761458 0.510938 0.753125 0.650781 0.887500 0.667969 0.883333 0.524219
0 0.580208 0.487500 0.584375 0.625781 0.714583 0.628906 0.701042 0.491406
0 -0.010417 0.483594 0.050000 0.398438 0.232292 0.472656 0.170833 0.557813
0 0.759375 0.380469 0.717708 0.445312 0.894792 0.503906 0.931250 0.434375
0 0.507292 0.367188 0.394792 0.370312 0.400000 0.490625 0.519792 0.485156
0 0.356250 0.341406 0.244792 0.352344 0.262500 0.470313 0.382292 0.454688
0 0.587500 0.326562 0.571875 0.437500 0.688542 0.447656 0.696875 0.336719