0 0.425000 0.592969 0.315625 0.692969 0.398958 0.744531 0.504167 0.639844
0 0.339583 0.516406 0.206250 0.591406 0.270833 0.650781 0.402083 0.571875
0 0.612500 0.514062 0.496875 0.582812 0.563542 0.640625 0.677083 0.568750
0 0.516667 0.447656 0.403125 0.513281 0.465625 0.567187 0.578125 0.498437
0 0.740625 0.445312 0.643750 0.513281 0.712500 0.565625 0.810417 0.494531
0 0.280208 0.436719 0.126042 0.476562 0.157292 0.540625 0.314583 0.499219
0 0.439583 0.372656 0.327083 0.435156 0.388542 0.482812 0.498958 0.420312
0 0.702083 0.357812 0.609375 0.421875 0.677083 0.466406 0.767708 0.400000
0 0.220833 0.353906 0.080208 0.400781 0.122917 0.457031 0.264583 0.407031
0 0.378125 0.300781 0.252083 0.344531 0.296875 0.396094 0.421875 0.352344
0 0.532292 0.275781 0.477083 0.353125 0.560417 0.380469 0.609375 0.302344
0 0.458333 0.211719 0.362500 0.266406 0.423958 0.308594 0.515625 0.251563