0 0.287500 0.560156 0.287500 0.560156 0.283333 0.560156 0.283333 0.560156
0 0.535417 0.515625 0.370833 0.543750 0.418750 0.737500 0.607292 0.701562
0 0.255208 0.445312 0.033333 0.539062 0.094792 0.631250 0.321875 0.522656
0 0.683333 0.359375 0.529167 0.478125 0.650000 0.546094 0.801042 0.415625
0 0.439583 0.325781 0.342708 0.462500 0.475000 0.495312 0.564583 0.356250
0 0.367708 0.268750 0.242708 0.271875 0.212500 0.403125 0.355208 0.398438
0 0.302083 0.251563 0.302083 0.251563 0.302083 0.251563 0.302083 0.251563
0 0.294792 0.236719 0.294792 0.236719 0.294792 0.232031 0.294792 0.232031
0 0.762500 0.182812 0.680208 0.294531 0.817708 0.328125 0.891667 0.208594
0 0.529167 0.181250 0.492708 0.296094 0.627083 0.304688 0.657292 0.186719
0 0.403125 0.120313 0.307292 0.217188 0.409375 0.253125 0.527083 0.157812