0 0.725781 0.590625 0.781250 0.801042 0.918750 0.798958 0.841406 0.598958
0 0.544531 0.582292 0.556250 0.793750 0.696094 0.800000 0.660156 0.591667
0 0.263281 0.568750 0.141406 0.571875 0.082812 0.783333 0.227344 0.776042
0 0.475781 0.558333 0.362500 0.561458 0.349219 0.764583 0.487500 0.755208
0 0.677344 0.411458 0.717969 0.547917 0.824219 0.547917 0.770312 0.415625
0 0.530469 0.400000 0.548438 0.530208 0.655469 0.529167 0.623437 0.400000
0 0.375781 0.396875 0.371875 0.531250 0.479687 0.522917 0.470313 0.395833
0 0.202344 0.395833 0.157812 0.532292 0.270313 0.534375 0.300781 0.400000
0 0.639062 0.282292 0.660937 0.376042 0.750000 0.376042 0.717187 0.285417
0 0.525000 0.279167 0.528125 0.370833 0.615625 0.373958 0.603125 0.282292
0 0.383594 0.271875 0.371875 0.361458 0.461719 0.364583 0.461719 0.273958
0 0.246094 0.264583 0.220312 0.358333 0.314063 0.357292 0.327344 0.266667