0 0.477083 0.504687 0.382292 0.712500 0.568750 0.756250 0.651042 0.529687
0 0.310417 0.481250 0.184375 0.668750 0.338542 0.714063 0.458333 0.509375
0 0.138542 0.450781 0.022917 0.631250 0.168750 0.661719 0.277083 0.476562
0 0.219792 0.443750 0.219792 0.443750 0.219792 0.442969 0.219792 0.442969
0 0.388542 0.326562 0.388542 0.326562 0.388542 0.325000 0.388542 0.325000
0 0.594792 0.288281 0.522917 0.449219 0.694792 0.469531 0.755208 0.297656
0 0.422917 0.279687 0.339583 0.431250 0.485417 0.450781 0.564583 0.290625
0 0.269792 0.264844 0.172917 0.408594 0.309375 0.424219 0.390625 0.278125
0 0.321875 0.149219 0.326042 0.149219 0.326042 0.153906 0.321875 0.153906
0 0.505208 0.138281 0.435417 0.267188 0.576042 0.273438 0.638542 0.142187
0 0.666667 0.132031 0.589583 0.266406 0.741667 0.282813 0.813542 0.142969
0 0.476042 0.132031 0.354167 0.128906 0.284375 0.250781 0.411458 0.257812