0 0.271701 0.723145 0.141493 0.750000 0.173611 0.869141 0.313368 0.838867
0 0.533854 0.712891 0.493056 0.786621 0.716146 0.823242 0.747396 0.745117
0 0.766493 0.727051 0.846354 0.666016 1.044271 0.748047 0.964410 0.809570
0 0.625868 0.601562 0.441840 0.624023 0.467014 0.677734 0.660590 0.651367
0 0.896701 0.587402 0.705729 0.600098 0.728299 0.656250 0.927083 0.642090
0 0.345486 0.585449 0.171875 0.618652 0.188368 0.669434 0.372396 0.631348
0 0.160590 0.524414 0.057292 0.546875 0.086806 0.618164 0.197049 0.591797
0 0.435764 0.553223 0.605035 0.506348 0.647569 0.555176 0.479167 0.602051
0 0.254340 0.500977 0.166667 0.526367 0.261285 0.574219 0.347222 0.540527
0 0.743924 0.484863 0.723958 0.556152 0.844618 0.562988 0.854167 0.489746
0 0.302083 0.480957 0.372396 0.438965 0.480035 0.497070 0.408854 0.538574
0 0.545139 0.427246 0.459201 0.443359 0.528646 0.493164 0.618056 0.474609