0 0.235417 0.579688 0.085417 0.603125 0.118750 0.688281 0.293750 0.650000
0 0.546875 0.623437 0.802083 0.667188 0.843750 0.602344 0.614583 0.572656
0 0.565625 0.543750 0.446875 0.542188 0.366667 0.614844 0.505208 0.616406
0 0.348958 0.521094 0.158333 0.521094 0.134375 0.564063 0.344792 0.565625
0 0.755208 0.482031 0.741667 0.558594 0.895833 0.559375 0.887500 0.480469
0 0.684375 0.450781 0.576042 0.464844 0.590625 0.528125 0.714583 0.509375
0 0.537500 0.453906 0.461458 0.435937 0.354167 0.489844 0.427083 0.509375
0 0.385417 0.454688 0.307292 0.432031 0.198958 0.482031 0.285417 0.506250
0 0.942708 0.430469 0.868750 0.402344 0.722917 0.439063 0.787500 0.470313
0 0.471875 0.403906 0.600000 0.424219 0.642708 0.380469 0.515625 0.365625
0 0.446875 0.365625 0.366667 0.362500 0.318750 0.417969 0.407292 0.421875
0 0.662500 0.403125 0.762500 0.414844 0.806250 0.357031 0.716667 0.349219