0 0.462500 0.639062 0.310417 0.694531 0.351042 0.771875 0.506250 0.716406
0 0.760417 0.618750 0.727083 0.695312 0.894792 0.746094 0.925000 0.666406
0 0.309375 0.521094 0.159375 0.570312 0.193750 0.642188 0.345833 0.589063
0 0.683333 0.446875 0.543750 0.501563 0.591667 0.567969 0.733333 0.513281
0 0.192708 0.429688 0.072917 0.508594 0.134375 0.562500 0.254167 0.479687
0 0.261458 0.414062 0.411458 0.363281 0.547917 0.592187 0.396875 0.642188
0 0.792708 0.340625 0.681250 0.415625 0.751042 0.468750 0.862500 0.392188
0 0.217708 0.310156 0.098958 0.380469 0.152083 0.431250 0.273958 0.360938
0 0.497917 0.277344 0.361458 0.325781 0.400000 0.383594 0.538542 0.335938
0 0.629167 0.263281 0.562500 0.357812 0.652083 0.388281 0.714583 0.290625
0 0.371875 0.190625 0.256250 0.255469 0.309375 0.302344 0.427083 0.236719