0 0.357292 0.578906 0.271875 0.590625 0.285417 0.693750 0.371875 0.682813
0 0.466667 0.568750 0.384375 0.575000 0.388542 0.677344 0.478125 0.671094
0 0.669792 0.567969 0.586458 0.575000 0.608333 0.678906 0.693750 0.670312
0 0.490625 0.566406 0.488542 0.668750 0.576042 0.671094 0.575000 0.567969
0 0.341667 0.395313 0.217708 0.402344 0.222917 0.546875 0.353125 0.537500
0 0.395833 0.392188 0.395833 0.537500 0.520833 0.536719 0.516667 0.392969
0 0.802083 0.379688 0.684375 0.393750 0.723958 0.533594 0.848958 0.517188
0 0.671875 0.380469 0.552083 0.385937 0.566667 0.528125 0.692708 0.521094
0 0.326042 0.254688 0.210417 0.263281 0.219792 0.388281 0.341667 0.376563
0 0.542708 0.242188 0.540625 0.364844 0.662500 0.364844 0.656250 0.248438
0 0.672917 0.241406 0.689583 0.363281 0.810417 0.361719 0.783333 0.243750
0 0.407292 0.242188 0.397917 0.364063 0.517708 0.368750 0.523958 0.246875