0 0.595486 0.734375 0.330729 0.746094 0.309028 0.844238 0.596354 0.834961
0 -0.009549 0.827637 0.002604 0.727051 0.235243 0.736816 0.222222 0.836914
0 0.907118 0.696289 0.627604 0.712891 0.645833 0.808105 0.949653 0.787598
0 0.108507 0.607422 0.032986 0.673828 0.219618 0.703613 0.298611 0.630371
0 0.640625 0.596191 0.622396 0.671875 0.894965 0.682129 0.898438 0.603516
0 0.380208 0.593750 0.328993 0.671875 0.575521 0.706543 0.616319 0.624023
0 0.092882 0.580078 0.283854 0.585449 0.328125 0.525391 0.145833 0.521973
0 0.380208 0.561523 0.591146 0.576660 0.631944 0.516113 0.431424 0.506348
0 0.686632 0.481445 0.653646 0.542969 0.895833 0.573730 0.918403 0.509766
0 0.367188 0.446289 0.196181 0.446777 0.154514 0.497070 0.333333 0.495605
0 0.429688 0.447266 0.581597 0.473145 0.655382 0.425781 0.505208 0.403320
0 0.686632 0.447266 0.694444 0.393066 0.931424 0.403809 0.923611 0.457520