0 0.372917 0.628125 0.176042 0.639062 0.180208 0.726562 0.373958 0.713281
0 0.596875 0.613281 0.420833 0.626563 0.425000 0.710938 0.598958 0.696094
0 0.818750 0.597656 0.653125 0.603125 0.653125 0.684375 0.813542 0.676562
0 0.367708 0.488281 0.168750 0.489844 0.170833 0.581250 0.367708 0.575781
0 0.608333 0.482031 0.428125 0.492188 0.437500 0.580469 0.611458 0.564844
0 0.651042 0.478125 0.651042 0.561719 0.815625 0.557031 0.817708 0.476562
0 0.381250 0.342187 0.181250 0.346875 0.189583 0.441406 0.388542 0.433594
0 0.603125 0.337500 0.418750 0.342969 0.426042 0.432031 0.607292 0.424219
0 0.654167 0.325781 0.655208 0.413281 0.823958 0.408594 0.822917 0.325781
0 0.650000 0.177344 0.658333 0.268750 0.827083 0.264062 0.822917 0.175000
0 0.402083 0.165625 0.408333 0.262500 0.592708 0.264844 0.590625 0.171094
0 0.357292 0.164844 0.148958 0.164844 0.161458 0.263281 0.365625 0.260937