0 0.416504 0.959201 0.489746 0.754340 0.563477 0.836806 0.489746 1.042535
0 0.332031 0.610243 0.251465 0.790799 0.317871 0.876736 0.393066 0.693576
0 0.568359 0.527778 0.506836 0.656250 0.563965 0.747396 0.621094 0.608507
0 0.220703 0.526910 0.148438 0.715278 0.217285 0.781250 0.287598 0.588542
0 0.431641 0.426215 0.361328 0.575521 0.419434 0.651042 0.488281 0.494792
0 0.135742 0.388021 0.054199 0.565104 0.125977 0.638021 0.201660 0.454861
0 0.337402 0.345486 0.276367 0.497396 0.342773 0.559028 0.401367 0.401042
0 0.612793 0.328125 0.577637 0.458333 0.638672 0.515625 0.670410 0.380208
0 0.243652 0.239583 0.186035 0.384549 0.256348 0.444444 0.308594 0.291667
0 0.488770 0.226562 0.447754 0.340278 0.509766 0.399306 0.544434 0.282986
0 0.395508 0.131076 0.342773 0.252604 0.404785 0.314236 0.452637 0.189236
0 0.294922 0.052083 0.244141 0.177951 0.306641 0.230903 0.354004 0.098090