0 0.540039 0.993924 0.789551 0.999132 0.799805 0.903646 0.587402 0.822049
0 0.492676 0.729167 0.323242 0.763021 0.298340 0.955729 0.482422 0.928819
0 0.137207 0.716146 0.073242 0.887153 0.188965 0.954861 0.250488 0.766493
0 0.301758 0.540799 0.193359 0.546007 0.143555 0.679688 0.256348 0.683160
0 0.326660 0.664062 0.477539 0.700521 0.508789 0.537326 0.364746 0.518229
0 0.592285 0.515625 0.547852 0.677951 0.735840 0.802951 0.773438 0.613715
0 0.360840 0.361111 0.246094 0.406250 0.220215 0.519965 0.341797 0.474826
0 0.609375 0.453993 0.791016 0.491319 0.808594 0.371528 0.640625 0.346354
0 0.392090 0.449653 0.525879 0.468750 0.558594 0.336806 0.428223 0.328993
0 0.211426 0.317708 0.328613 0.193576 0.358887 0.283854 0.241699 0.408854
0 0.570801 0.250000 0.717773 0.292535 0.743164 0.177083 0.603027 0.145833
0 0.532227 0.129340 0.455566 0.175347 0.442383 0.300347 0.526367 0.254340