0 0.680208 0.585156 0.579167 0.590625 0.594792 0.717969 0.701042 0.711719
0 0.543750 0.585156 0.443750 0.587500 0.444792 0.714844 0.550000 0.712500
0 0.308333 0.582812 0.292708 0.710156 0.400000 0.713281 0.410417 0.586719
0 0.711458 0.507812 0.716667 0.626563 0.821875 0.629687 0.811458 0.510156
0 0.668750 0.452344 0.573958 0.454688 0.584375 0.570312 0.685417 0.565625
0 0.536458 0.448437 0.439583 0.452344 0.439583 0.564844 0.542708 0.563281
0 0.306250 0.448437 0.294792 0.564844 0.396875 0.564844 0.402083 0.451562
0 0.692708 0.375000 0.697917 0.485938 0.797917 0.485938 0.787500 0.375000
0 0.533333 0.325781 0.439583 0.329688 0.443750 0.439063 0.542708 0.435937
0 0.328125 0.318750 0.310417 0.427344 0.404167 0.437500 0.421875 0.328125
0 0.578125 0.317969 0.576042 0.428125 0.671875 0.430469 0.672917 0.321094