0 0.528125 0.697656 0.326042 0.716406 0.336458 0.817187 0.540625 0.795312
0 0.727083 0.650000 0.533333 0.676562 0.555208 0.775000 0.750000 0.746094
0 0.946875 0.625781 0.756250 0.638281 0.770833 0.732812 0.961458 0.717969
0 0.448958 0.563281 0.252083 0.610938 0.286458 0.701562 0.483333 0.654687
0 0.673958 0.527344 0.489583 0.567187 0.525000 0.660156 0.710417 0.617188
0 0.868750 0.478906 0.691667 0.525000 0.735417 0.612500 0.911458 0.564063
0 0.415625 0.446094 0.217708 0.463281 0.228125 0.555469 0.429167 0.535937
0 0.631250 0.404687 0.443750 0.435156 0.469792 0.522656 0.656250 0.491406
0 0.821875 0.368750 0.641667 0.400000 0.672917 0.486719 0.853125 0.453906
0 0.368750 0.314063 0.179167 0.350781 0.210417 0.439063 0.403125 0.401562
0 0.579167 0.284375 0.394792 0.310156 0.418750 0.396094 0.605208 0.368750
0 0.770833 0.249219 0.593750 0.279687 0.622917 0.364063 0.801042 0.333594