0 0.372917 0.714844 0.259375 0.718750 0.253125 0.847656 0.366667 0.841406
0 0.669792 0.712500 0.563542 0.715625 0.568750 0.842187 0.677083 0.839844
0 0.408333 0.709375 0.404167 0.835156 0.512500 0.836719 0.517708 0.710156
0 0.726042 0.703125 0.725000 0.829688 0.839583 0.839844 0.840625 0.709375
0 0.513542 0.535156 0.402083 0.542969 0.416667 0.666406 0.525000 0.661719
0 0.298958 0.535156 0.181250 0.555469 0.228125 0.684375 0.339583 0.662500
0 0.870833 0.532813 0.747917 0.535937 0.752083 0.663281 0.870833 0.664844
0 0.676042 0.532031 0.562500 0.539844 0.580208 0.664062 0.689583 0.655469
0 0.292708 0.373437 0.169792 0.383594 0.200000 0.525781 0.318750 0.514062
0 0.510417 0.372656 0.389583 0.375781 0.400000 0.514844 0.513542 0.513281
0 0.672917 0.366406 0.554167 0.371875 0.561458 0.510938 0.678125 0.505469
0 0.842708 0.364844 0.720833 0.372656 0.727083 0.513281 0.846875 0.507812