0 0.563542 0.739844 0.684375 0.814844 0.745833 0.782813 0.618750 0.702344
0 0.372917 0.704688 0.462500 0.785156 0.527083 0.764844 0.434375 0.680469
0 0.550000 0.606250 0.447917 0.657813 0.511458 0.710156 0.618750 0.662500
0 0.250000 0.601562 0.282292 0.692187 0.358333 0.700000 0.330208 0.608594
0 0.417708 0.532813 0.346875 0.604688 0.427083 0.650781 0.502083 0.578906
0 0.184375 0.501563 0.202083 0.564844 0.335417 0.579688 0.320833 0.513281
0 0.540625 0.532031 0.701042 0.461719 0.862500 0.667969 0.703125 0.738281
0 0.360417 0.418750 0.348958 0.489063 0.505208 0.531250 0.521875 0.460938
0 0.144792 0.360938 0.137500 0.430469 0.279167 0.475781 0.288542 0.407813
0 0.702083 0.325781 0.508333 0.352344 0.534375 0.439844 0.723958 0.421094
0 0.302083 0.254688 0.259375 0.325781 0.406250 0.410938 0.457292 0.342187