0 0.641667 0.618750 0.634375 0.704688 0.806250 0.718750 0.818750 0.633594
0 0.486458 0.607031 0.472917 0.751563 0.587500 0.753125 0.596875 0.613281
0 0.270833 0.592187 0.259375 0.683594 0.447917 0.691406 0.457292 0.602344
0 0.825000 0.484375 0.653125 0.483594 0.654167 0.567969 0.825000 0.567187
0 0.275000 0.444531 0.259375 0.531250 0.442708 0.550781 0.457292 0.464844
0 0.484375 0.415625 0.481250 0.547656 0.591667 0.551562 0.594792 0.419531
0 0.632292 0.362500 0.634375 0.442969 0.808333 0.442969 0.807292 0.360938
0 0.261458 0.325781 0.256250 0.411719 0.440625 0.423438 0.445833 0.339844
0 0.520833 0.233594 0.505208 0.367188 0.614583 0.375781 0.628125 0.246875
0 0.814583 0.232031 0.647917 0.232031 0.654167 0.313281 0.819792 0.311719
0 0.290625 0.217188 0.272917 0.300781 0.454167 0.325000 0.469792 0.243750