0 0.000000 0.724121 0.000000 0.832520 0.284722 0.826172 0.287326 0.720703
0 0.410590 0.666016 0.352431 0.758789 0.601562 0.816406 0.646701 0.722656
0 0.928819 0.637695 0.713542 0.642090 0.738715 0.731445 0.966146 0.721680
0 0.035590 0.567871 0.005208 0.650879 0.275174 0.653809 0.290799 0.570801
0 0.336806 0.530762 0.336806 0.614746 0.579861 0.617676 0.567708 0.537598
0 0.657118 0.524902 0.681424 0.600098 0.896701 0.597656 0.861979 0.525391
0 0.305556 0.423828 0.306424 0.489258 0.537326 0.485840 0.526910 0.421875
0 0.608507 0.416504 0.606771 0.480957 0.813368 0.498535 0.808160 0.435547
0 -0.005208 0.367188 0.268229 0.349121 0.303819 0.520508 0.029514 0.538086
0 0.462674 0.329590 0.258681 0.335449 0.282118 0.396973 0.490451 0.386719
0 0.556424 0.312988 0.567708 0.375000 0.754340 0.388184 0.736111 0.328125