0 0.804688 0.740625 0.642969 0.751042 0.639062 0.906250 0.797656 0.885417
0 0.607031 0.739583 0.418750 0.769792 0.425000 0.935417 0.614062 0.896875
0 0.407813 0.598958 0.281250 0.608333 0.282813 0.712500 0.407031 0.701042
0 0.435156 0.566667 0.435156 0.734375 0.622656 0.725000 0.621875 0.565625
0 0.650000 0.556250 0.644531 0.714583 0.801562 0.715625 0.809375 0.569792
0 0.297656 0.471875 0.293750 0.578125 0.417969 0.581250 0.419531 0.482292
0 0.657813 0.373958 0.650781 0.529167 0.810156 0.544792 0.817969 0.398958
0 0.296094 0.353125 0.296875 0.457292 0.420312 0.458333 0.418750 0.358333
0 0.434375 0.344792 0.429688 0.509375 0.617188 0.519792 0.622656 0.361458
0 0.286719 0.228125 0.290625 0.332292 0.415625 0.328125 0.408594 0.226042
0 0.639062 0.141667 0.646875 0.294792 0.806250 0.295833 0.800781 0.145833
0 0.432812 0.126042 0.435937 0.288542 0.624219 0.292708 0.622656 0.135417