0 0.611458 0.707812 0.600000 0.768750 0.716667 0.782813 0.729167 0.721875
0 0.482292 0.583594 0.356250 0.607031 0.373958 0.666406 0.495833 0.639844
0 0.688542 0.538281 0.610417 0.607031 0.665625 0.646094 0.744792 0.575781
0 0.626042 0.469531 0.522917 0.509375 0.559375 0.562500 0.661458 0.521094
0 0.726042 0.450781 0.716667 0.505469 0.830208 0.520312 0.842708 0.464062
0 0.482292 0.424219 0.360417 0.441406 0.376042 0.501563 0.496875 0.482812
0 0.139583 0.387500 0.096875 0.439063 0.218750 0.489063 0.256250 0.438281
0 0.668750 0.364844 0.548958 0.380469 0.564583 0.435156 0.679167 0.419531
0 0.353125 0.260937 0.336458 0.321094 0.457292 0.345313 0.475000 0.283594
0 0.683333 0.216406 0.569792 0.243750 0.592708 0.299219 0.704167 0.271875
0 0.543750 0.135156 0.473958 0.143750 0.496875 0.236719 0.569792 0.228906