0 0.285417 0.724219 0.146875 0.739062 0.155208 0.907813 0.297917 0.888281
0 0.457292 0.678906 0.333333 0.696094 0.360417 0.857031 0.490625 0.835156
0 0.520833 0.626563 0.512500 0.782031 0.635417 0.783594 0.636458 0.632031
0 0.668750 0.614844 0.655208 0.764062 0.771875 0.773438 0.782292 0.626563
0 0.411458 0.451562 0.385417 0.591406 0.505208 0.604688 0.526042 0.465625
0 0.292708 0.449219 0.167708 0.464062 0.201042 0.611719 0.330208 0.591406
0 0.725000 0.419531 0.727083 0.552344 0.834375 0.557813 0.827083 0.427344
0 0.576042 0.405469 0.539583 0.536719 0.650000 0.557813 0.683333 0.427344
0 0.711458 0.267188 0.717708 0.390625 0.822917 0.394531 0.811458 0.274219
0 0.269792 0.244531 0.245833 0.376563 0.367708 0.389844 0.385417 0.259375
0 0.601042 0.234375 0.573958 0.353906 0.681250 0.372656 0.702083 0.256250
0 0.473958 0.210938 0.437500 0.330469 0.548958 0.352344 0.578125 0.232031