0 0.766667 0.575781 0.766667 0.575781 0.766667 0.575781 0.766667 0.575781
0 0.751042 0.528906 0.751042 0.527344 0.753125 0.527344 0.753125 0.528906
0 0.751042 0.519531 0.751042 0.521875 0.752083 0.522656 0.752083 0.520312
0 0.408333 0.481250 0.291667 0.528906 0.391667 0.667188 0.508333 0.615625
0 0.716667 0.457031 0.590625 0.477344 0.637500 0.632812 0.769792 0.610938
0 0.719792 0.404687 0.719792 0.401562 0.720833 0.401562 0.720833 0.404687
0 0.177083 0.371094 0.076042 0.433594 0.201042 0.546875 0.301042 0.480469
0 0.704167 0.342969 0.704167 0.342969 0.704167 0.339844 0.704167 0.339844
0 0.684375 0.303906 0.560417 0.320312 0.593750 0.463281 0.722917 0.446875
0 0.360417 0.235937 0.166667 0.256250 0.176042 0.342969 0.376042 0.322656
0 0.626042 0.198437 0.431250 0.215625 0.442708 0.302344 0.638542 0.286719