0 0.723958 0.635156 0.613542 0.645312 0.621875 0.696875 0.738542 0.686719
0 0.587500 0.631250 0.517708 0.635156 0.525000 0.718750 0.597917 0.713281
0 0.429167 0.630469 0.405208 0.713281 0.475000 0.723437 0.496875 0.638281
0 0.722917 0.547656 0.623958 0.571875 0.645833 0.619531 0.748958 0.595313
0 0.473958 0.532813 0.411458 0.539844 0.422917 0.614062 0.487500 0.603125
0 0.578125 0.496094 0.516667 0.503906 0.533333 0.575000 0.596875 0.567187
0 0.685417 0.475000 0.625000 0.488281 0.660417 0.556250 0.722917 0.541406
0 0.436458 0.444531 0.378125 0.454688 0.392708 0.518750 0.455208 0.507812
0 0.520833 0.414062 0.462500 0.423438 0.479167 0.488281 0.539583 0.478906
0 0.623958 0.402344 0.563542 0.411719 0.584375 0.475781 0.645833 0.466406
0 0.665625 0.392188 0.665625 0.392188 0.665625 0.392188 0.665625 0.392188