0 0.755208 0.733594 0.603125 0.737500 0.595833 0.818750 0.746875 0.812500
0 0.275000 0.708594 0.073958 0.717969 0.068750 0.810937 0.271875 0.797656
0 0.356250 0.699219 0.319792 0.786719 0.487500 0.813281 0.520833 0.732031
0 0.530208 0.571875 0.359375 0.579688 0.360417 0.667969 0.533333 0.654687
0 0.296875 0.567969 0.097917 0.586719 0.108333 0.677344 0.306250 0.655469
0 0.758333 0.566406 0.606250 0.582031 0.616667 0.661719 0.765625 0.642969
0 0.282292 0.451562 0.079167 0.451562 0.081250 0.544531 0.282292 0.539844
0 0.535417 0.441406 0.368750 0.474219 0.397917 0.556250 0.560417 0.521094
0 0.759375 0.416406 0.609375 0.432031 0.622917 0.511719 0.769792 0.492969
0 0.752083 0.296094 0.600000 0.297656 0.607292 0.379688 0.757292 0.374219
0 0.532292 0.292187 0.359375 0.298438 0.371875 0.385156 0.541667 0.376563
0 0.077083 0.282031 0.063542 0.374219 0.264583 0.397656 0.278125 0.310156