0 0.298958 0.627344 0.236458 0.705469 0.401042 0.771094 0.458333 0.683594
0 0.819792 0.578906 0.780208 0.711719 0.910417 0.743750 0.941667 0.607031
0 0.679167 0.536719 0.535417 0.607812 0.603125 0.679688 0.751042 0.601562
0 0.431250 0.467187 0.335417 0.496094 0.387500 0.601562 0.491667 0.568750
0 0.262500 0.435156 0.161458 0.452344 0.173958 0.557031 0.280208 0.536719
0 0.590625 0.430469 0.495833 0.453906 0.555208 0.557813 0.656250 0.529687
0 0.788542 0.419531 0.772917 0.527344 0.889583 0.541406 0.897917 0.430469
0 0.386458 0.349219 0.309375 0.384375 0.393750 0.460156 0.472917 0.418750
0 0.643750 0.325000 0.559375 0.353125 0.632292 0.436719 0.721875 0.405469
0 0.763542 0.282813 0.681250 0.307812 0.754167 0.388281 0.844792 0.360938
0 0.339583 0.282031 0.208333 0.325000 0.238542 0.371094 0.375000 0.325781
0 0.551042 0.277344 0.429167 0.328906 0.478125 0.372656 0.601042 0.319531