0 0.213542 0.641406 0.206250 0.781250 0.465625 0.771094 0.462500 0.645312
0 0.414583 0.741406 0.556250 0.582812 0.902083 0.757031 0.760417 0.915625
0 0.820833 0.553906 0.786458 0.685937 0.877083 0.725781 0.903125 0.595313
0 0.689583 0.482031 0.659375 0.621094 0.763542 0.654687 0.782292 0.517969
0 0.468750 0.449219 0.446875 0.548438 0.637500 0.592187 0.647917 0.500781
0 0.847917 0.431250 0.805208 0.480469 0.915625 0.578906 0.952083 0.525000
0 0.254167 0.424219 0.265625 0.614844 0.419792 0.610156 0.400000 0.437500
0 0.734375 0.324219 0.693750 0.428125 0.783333 0.474219 0.813542 0.371094
0 0.561458 0.296875 0.531250 0.426563 0.637500 0.462500 0.659375 0.336719
0 0.419792 0.215625 0.403125 0.354687 0.527083 0.384375 0.532292 0.251563
0 0.091667 0.247656 0.263542 0.403906 0.369792 0.350000 0.210417 0.204687