0 0.231250 0.692187 0.221875 0.785156 0.415625 0.783594 0.423958 0.693750
0 0.846875 0.679688 0.695833 0.692969 0.698958 0.775781 0.847917 0.757812
0 0.487500 0.619531 0.473958 0.708594 0.645833 0.712500 0.656250 0.630469
0 0.728125 0.546875 0.730208 0.627344 0.877083 0.622656 0.878125 0.544531
0 0.419792 0.538281 0.223958 0.539844 0.222917 0.632812 0.416667 0.626563
0 0.630208 0.508594 0.459375 0.528125 0.476042 0.614062 0.641667 0.589844
0 0.639583 0.392188 0.467708 0.396094 0.472917 0.482812 0.640625 0.475781
0 0.404167 0.388281 0.206250 0.392188 0.212500 0.482031 0.411458 0.475781
0 0.843750 0.353125 0.691667 0.360156 0.700000 0.442188 0.848958 0.431250
0 0.396875 0.272656 0.202083 0.280469 0.217708 0.375781 0.409375 0.362500
0 0.611458 0.267969 0.439583 0.274219 0.453125 0.364844 0.621875 0.351562
0 0.806250 0.254688 0.651042 0.261719 0.664583 0.345313 0.814583 0.334375