0 0.938542 0.578906 0.938542 0.558594 0.941667 0.558594 0.941667 0.578906
0 0.276042 0.538281 0.153125 0.564063 0.200000 0.713281 0.325000 0.681250
0 0.435417 0.527344 0.313542 0.542188 0.335417 0.693750 0.462500 0.678125
0 0.622917 0.508594 0.498958 0.515625 0.513542 0.667969 0.641667 0.661719
0 0.767708 0.503906 0.641667 0.513281 0.665625 0.666406 0.793750 0.657813
0 0.910417 0.496875 0.782292 0.506250 0.813542 0.660937 0.955208 0.657813
0 0.458333 0.363281 0.337500 0.367188 0.344792 0.507812 0.464583 0.500781
0 0.607292 0.353125 0.488542 0.358594 0.496875 0.498437 0.618750 0.492969
0 0.755208 0.350781 0.632292 0.353125 0.641667 0.496094 0.765625 0.492969
0 0.891667 0.342969 0.768750 0.350781 0.787500 0.492188 0.916667 0.486719
0 0.295833 0.328906 0.176042 0.332031 0.172917 0.470313 0.296875 0.466406
0 0.604167 0.250781 0.415625 0.255469 0.417708 0.340625 0.606250 0.335938
0 0.846875 0.236719 0.654167 0.241406 0.655208 0.325000 0.850000 0.323437