0 0.401042 0.678906 0.217708 0.696094 0.225000 0.783594 0.410417 0.763281
0 0.631250 0.656250 0.462500 0.670312 0.468750 0.755469 0.636458 0.735938
0 0.808333 0.650000 0.644792 0.669531 0.658333 0.750000 0.816667 0.728125
0 0.810417 0.530469 0.642708 0.535156 0.644792 0.614844 0.812500 0.610156
0 0.627083 0.525781 0.456250 0.532813 0.460417 0.616406 0.630208 0.607031
0 0.218750 0.525000 0.213542 0.611719 0.400000 0.614844 0.404167 0.529687
0 0.655208 0.409375 0.657292 0.490625 0.823958 0.487500 0.821875 0.407813
0 0.415625 0.385156 0.235417 0.406250 0.255208 0.492188 0.433333 0.468750
0 0.614583 0.373437 0.441667 0.385937 0.454167 0.469531 0.622917 0.454688
0 0.653125 0.272656 0.653125 0.353125 0.818750 0.357031 0.820833 0.275000
0 0.434375 0.239844 0.438542 0.325000 0.613542 0.325000 0.610417 0.241406
0 0.194792 0.195312 0.196875 0.284375 0.381250 0.290625 0.380208 0.204687