0 0.350000 0.592187 0.246875 0.600000 0.248958 0.650781 0.354167 0.639844
0 0.514583 0.589844 0.512500 0.636719 0.602083 0.637500 0.602083 0.592187
0 0.485417 0.571875 0.388542 0.575781 0.391667 0.624219 0.484375 0.618750
0 0.523958 0.528125 0.517708 0.572656 0.607292 0.579688 0.610417 0.536719
0 0.388542 0.509375 0.385417 0.556250 0.481250 0.558594 0.482292 0.514062
0 0.232292 0.507812 0.232292 0.556250 0.337500 0.554688 0.337500 0.507031
0 0.530208 0.453906 0.528125 0.497656 0.615625 0.501563 0.615625 0.457813
0 0.397917 0.450000 0.390625 0.496094 0.483333 0.506250 0.490625 0.462500
0 0.228125 0.411719 0.226042 0.460156 0.331250 0.463281 0.332292 0.417969
0 0.523958 0.366406 0.506250 0.407813 0.588542 0.432812 0.605208 0.392188
0 0.360417 0.355469 0.353125 0.400000 0.445833 0.414844 0.454167 0.371875
0 0.304167 0.324219 0.205208 0.342969 0.227083 0.389844 0.326042 0.368750