0 0.371875 0.591406 0.257292 0.592187 0.233333 0.689063 0.365625 0.685156
0 0.520833 0.583594 0.532292 0.673438 0.664583 0.670312 0.634375 0.584375
0 0.496875 0.580469 0.386458 0.587500 0.381250 0.682813 0.512500 0.670312
0 0.658333 0.579688 0.685417 0.667969 0.817708 0.670312 0.768750 0.582031
0 0.368750 0.493750 0.271875 0.492969 0.256250 0.575781 0.367708 0.572656
0 0.490625 0.489063 0.393750 0.493750 0.391667 0.578906 0.498958 0.572656
0 0.597917 0.483594 0.503125 0.487500 0.513542 0.570312 0.621875 0.564063
0 0.631250 0.474219 0.651042 0.556250 0.755208 0.556250 0.722917 0.473438
0 0.501042 0.414062 0.510417 0.471094 0.604167 0.471094 0.581250 0.411719
0 0.285417 0.413281 0.275000 0.483594 0.369792 0.482031 0.372917 0.416406
0 0.478125 0.410938 0.391667 0.418750 0.398958 0.480469 0.491667 0.474219
0 0.618750 0.404687 0.630208 0.465625 0.725000 0.465625 0.705208 0.406250