0 0.473958 0.662500 0.408333 0.692969 0.457292 0.767188 0.520833 0.739844
0 0.563542 0.608594 0.501042 0.633594 0.551042 0.710156 0.612500 0.682813
0 0.634375 0.575781 0.592708 0.620313 0.678125 0.667969 0.717708 0.623437
0 0.502083 0.513281 0.454167 0.595313 0.517708 0.615625 0.566667 0.536719
0 0.802083 0.464844 0.738542 0.474219 0.752083 0.557031 0.819792 0.548438
0 0.659375 0.446875 0.593750 0.460156 0.616667 0.542969 0.684375 0.529687
0 0.454167 0.406250 0.371875 0.474219 0.430208 0.512500 0.509375 0.446875
0 0.639583 0.372656 0.642708 0.428906 0.750000 0.425000 0.748958 0.371094
0 0.901042 0.088281 0.841667 0.114844 0.888542 0.196875 0.950000 0.169531
0 0.883333 0.000000 0.898958 0.067969 0.963542 0.062500 0.952083 0.000000
0 0.768750 0.000000 0.766667 0.057031 0.837500 0.065625 0.841667 0.000000