0 0.282986 0.682617 0.160590 0.731445 0.243056 0.849121 0.375000 0.794922
0 0.493924 0.631348 0.364583 0.668945 0.430556 0.794922 0.572917 0.752441
0 0.669271 0.563965 0.538194 0.600098 0.615451 0.714844 0.767361 0.678223
0 0.177083 0.555664 0.078125 0.601562 0.140625 0.681641 0.250868 0.631348
0 0.756076 0.559082 0.909722 0.510742 1.028646 0.630859 0.875000 0.679199
0 0.394097 0.489258 0.278646 0.504395 0.263889 0.600098 0.388021 0.585938
0 0.554688 0.461914 0.434896 0.477539 0.427083 0.565918 0.556424 0.551270
0 0.181424 0.445312 0.087674 0.449707 0.026910 0.527344 0.122396 0.525879
0 0.763021 0.412109 0.634549 0.425781 0.634549 0.520996 0.772569 0.509277
0 0.329861 0.392090 0.229167 0.407227 0.217882 0.487305 0.323785 0.472656
0 0.450521 0.375488 0.348090 0.394043 0.344618 0.472656 0.453125 0.456543
0 0.743056 0.324219 0.624132 0.331543 0.613715 0.411621 0.739583 0.404297
0 0.603299 0.324219 0.493924 0.335449 0.470486 0.409180 0.584201 0.401367