0 0.463281 0.702083 0.415625 0.754167 0.453125 0.888542 0.510938 0.830208
0 0.478125 0.669792 0.478125 0.669792 0.478125 0.668750 0.478125 0.668750
0 0.521094 0.631250 0.471094 0.692708 0.514844 0.823958 0.571875 0.759375
0 0.403125 0.573958 0.361719 0.631250 0.408594 0.737500 0.453906 0.677083
0 0.591406 0.563542 0.535937 0.620833 0.583594 0.754167 0.647656 0.691667
0 0.463281 0.503125 0.418750 0.564583 0.470313 0.669792 0.517188 0.614583
0 0.666406 0.484375 0.603906 0.544792 0.657813 0.676042 0.730469 0.614583
0 0.307031 0.491667 0.359375 0.451042 0.409375 0.565625 0.356250 0.606250
0 0.516406 0.433333 0.470313 0.493750 0.526563 0.603125 0.575781 0.537500
0 0.407031 0.388542 0.371094 0.448958 0.415625 0.535417 0.457031 0.475000
0 0.520312 0.401042 0.583594 0.336458 0.650000 0.450000 0.586719 0.515625
0 0.410938 0.369792 0.466406 0.314583 0.521094 0.411458 0.465625 0.466667
0 0.468750 0.290625 0.530469 0.225000 0.588281 0.321875 0.526563 0.387500