0 0.833333 0.560156 0.631250 0.557813 0.629167 0.651563 0.832292 0.654687
0 0.333333 0.551562 0.136458 0.560156 0.140625 0.654687 0.340625 0.644531
0 0.403125 0.540625 0.404167 0.634375 0.601042 0.634375 0.598958 0.539844
0 0.629167 0.433594 0.632292 0.526563 0.833333 0.525000 0.832292 0.431250
0 0.584375 0.421875 0.388542 0.424219 0.388542 0.516406 0.586458 0.514062
0 0.331250 0.421875 0.134375 0.432812 0.141667 0.526563 0.340625 0.514062
0 0.622917 0.290625 0.621875 0.385156 0.822917 0.385937 0.821875 0.290625
0 0.315625 0.278906 0.117708 0.292969 0.127083 0.384375 0.327083 0.372656
0 0.569792 0.275000 0.372917 0.276562 0.370833 0.369531 0.569792 0.368750
0 0.120833 0.149219 0.119792 0.242188 0.317708 0.244531 0.317708 0.149219
0 0.609375 0.139063 0.609375 0.233594 0.808333 0.234375 0.810417 0.139063
0 0.364583 0.138281 0.361458 0.232031 0.560417 0.235156 0.563542 0.141406