0 0.279514 0.753418 0.150174 0.754883 0.098958 0.859375 0.243924 0.863281
0 0.540799 0.746582 0.524306 0.857910 0.669271 0.866699 0.670139 0.751953
0 0.329861 0.740723 0.316840 0.843750 0.462674 0.847168 0.458333 0.743652
0 0.815972 0.736816 0.852431 0.834961 0.999132 0.841797 0.949653 0.741699
0 0.202257 0.649902 0.171007 0.726074 0.298611 0.728516 0.317708 0.652344
0 0.507812 0.633301 0.395833 0.640625 0.388889 0.715820 0.513021 0.710449
0 0.726562 0.642090 0.794271 0.711914 0.913194 0.701172 0.833333 0.632324
0 0.638889 0.629395 0.532986 0.645508 0.591146 0.718262 0.705729 0.700684
0 0.572049 0.566895 0.567708 0.622559 0.677083 0.627441 0.673611 0.570801
0 0.375868 0.562500 0.275174 0.568359 0.263021 0.630371 0.373264 0.624512
0 0.703125 0.567383 0.840278 0.549316 0.868056 0.616211 0.730035 0.634277
0 0.493924 0.557617 0.395833 0.560547 0.399306 0.623535 0.507812 0.618652