0 0.203125 0.709375 0.189844 0.831250 0.342187 0.864583 0.354687 0.746875
0 0.531250 0.688542 0.376563 0.716667 0.390625 0.838542 0.542969 0.814583
0 0.345313 0.466667 0.244531 0.483333 0.269531 0.687500 0.365625 0.669792
0 0.468750 0.462500 0.370312 0.484375 0.399219 0.686458 0.492969 0.667708
0 0.722656 0.448958 0.618750 0.462500 0.633594 0.670833 0.732812 0.658333
0 0.507812 0.447917 0.505469 0.654167 0.603906 0.659375 0.609375 0.451042
0 0.763281 0.438542 0.743750 0.650000 0.843750 0.662500 0.862500 0.450000
0 0.221094 0.194792 0.225000 0.416667 0.325000 0.422917 0.325000 0.198958
0 0.517188 0.179167 0.494531 0.403125 0.594531 0.422917 0.620313 0.197917
0 0.645312 0.176042 0.630469 0.401042 0.731250 0.412500 0.749219 0.185417
0 0.455469 0.168750 0.351562 0.180208 0.373437 0.406250 0.471094 0.392708
0 0.868750 0.164583 0.762500 0.175000 0.765625 0.403125 0.867969 0.395833