0 0.685547 0.770833 0.685547 0.770833 0.685059 0.770833 0.685059 0.770833
0 0.506348 0.895833 0.562500 0.681424 0.752441 0.839410 0.696289 1.053819
0 0.197266 0.659722 0.151367 0.806424 0.248535 0.825521 0.293945 0.664062
0 0.378906 0.645833 0.333496 0.809896 0.475098 0.888021 0.517090 0.705729
0 0.557129 0.600694 0.724121 0.663194 0.761230 0.494792 0.599121 0.460069
0 0.535156 0.440972 0.406738 0.448785 0.376953 0.590278 0.511719 0.591146
0 0.262695 0.422743 0.219238 0.546875 0.310547 0.586806 0.354980 0.455729
0 0.262207 0.369792 0.360840 0.389757 0.395020 0.275174 0.297363 0.259549
0 0.596191 0.371528 0.756348 0.411458 0.786621 0.274306 0.630371 0.249132
0 0.572754 0.236979 0.455078 0.251736 0.424316 0.372396 0.545410 0.372396
0 0.308105 0.223090 0.407227 0.231771 0.435059 0.122396 0.337402 0.120660
0 0.447266 0.204861 0.557129 0.217882 0.590820 0.099826 0.481445 0.094618
0 0.795410 0.045139 0.646484 0.062500 0.630371 0.173611 0.787109 0.160590