0 0.306250 0.745313 0.171875 0.764062 0.188542 0.932813 0.327083 0.908594
0 0.477083 0.696875 0.355208 0.717969 0.390625 0.876563 0.514583 0.852344
0 0.537500 0.644531 0.534375 0.796875 0.654167 0.797656 0.652083 0.646094
0 0.682292 0.630469 0.673958 0.776563 0.788542 0.783594 0.793750 0.637500
0 0.426042 0.471094 0.404167 0.612500 0.523958 0.622656 0.539583 0.482812
0 0.308333 0.471094 0.180208 0.488281 0.219792 0.635938 0.348958 0.614062
0 0.734375 0.434375 0.739583 0.566406 0.843750 0.570312 0.834375 0.440625
0 0.589583 0.421875 0.554167 0.552344 0.664583 0.573438 0.693750 0.442188
0 0.718750 0.280469 0.726042 0.404687 0.829167 0.407813 0.815625 0.286719
0 0.276042 0.261719 0.256250 0.396875 0.379167 0.409375 0.392708 0.276562
0 0.607292 0.248438 0.583333 0.368750 0.688542 0.388281 0.708333 0.270313
0 0.481250 0.225781 0.447917 0.348438 0.560417 0.368750 0.586458 0.249219