0 0.530208 0.729688 0.381250 0.805469 0.407292 0.875000 0.547917 0.796875
0 0.685417 0.629687 0.577083 0.697656 0.603125 0.759375 0.704167 0.686719
0 0.505208 0.607812 0.345833 0.679688 0.375000 0.755469 0.526042 0.678125
0 0.796875 0.559375 0.700000 0.609375 0.717708 0.671875 0.807292 0.618750
0 0.660417 0.527344 0.535417 0.586719 0.559375 0.656250 0.672917 0.592187
0 0.462500 0.491406 0.291667 0.566406 0.336458 0.650000 0.495833 0.568750
0 0.786458 0.469531 0.683333 0.514062 0.694792 0.582031 0.791667 0.535156
0 0.631250 0.420312 0.505208 0.481250 0.536458 0.558594 0.653125 0.493750
0 0.766667 0.357031 0.657292 0.407813 0.681250 0.481250 0.780208 0.428125
0 0.393750 0.357812 0.194792 0.425781 0.252083 0.525781 0.435417 0.450781
0 0.593750 0.300000 0.435417 0.341406 0.465625 0.437500 0.611458 0.388281
0 0.742708 0.240625 0.622917 0.289844 0.650000 0.374219 0.759375 0.321875