0 0.578125 0.569531 0.461458 0.660156 0.555208 0.710156 0.667708 0.607031
0 0.643750 0.570312 0.821875 0.614062 0.855208 0.556250 0.681250 0.523438
0 0.426042 0.519531 0.308333 0.602344 0.388542 0.641406 0.502083 0.553125
0 0.323958 0.505469 0.264583 0.474219 0.135417 0.536719 0.190625 0.576562
0 0.598958 0.446875 0.508333 0.455469 0.519792 0.538281 0.625000 0.525781
0 0.666667 0.444531 0.662500 0.492188 0.831250 0.496875 0.828125 0.446875
0 0.216667 0.437500 0.067708 0.461719 0.066667 0.507812 0.220833 0.482031
0 0.356250 0.424219 0.288542 0.458594 0.376042 0.510938 0.451042 0.470313
0 0.462500 0.428125 0.606250 0.437500 0.615625 0.396094 0.481250 0.389062
0 0.309375 0.407813 0.437500 0.423438 0.462500 0.383594 0.345833 0.371875
0 0.259375 0.365625 0.181250 0.365625 0.147917 0.430469 0.233333 0.428125
0 0.791667 0.364063 0.758333 0.424219 0.857292 0.439063 0.884375 0.375000
0 0.657292 0.344531 0.661458 0.403906 0.755208 0.401562 0.743750 0.342187
0 0.644792 0.342969 0.587500 0.321094 0.495833 0.360938 0.548958 0.385156
0 0.498958 0.321094 0.431250 0.313281 0.373958 0.360938 0.447917 0.374219
0 0.365625 0.298438 0.295833 0.292187 0.253125 0.337500 0.328125 0.343750