0 0.384375 0.619531 0.150000 0.625000 0.141667 0.739844 0.375000 0.724219
0 0.671875 0.615625 0.671875 0.714063 0.858333 0.709375 0.860417 0.614062
0 0.647917 0.610938 0.440625 0.614844 0.439583 0.717969 0.646875 0.708594
0 0.138542 0.489844 0.139583 0.604688 0.376042 0.592187 0.373958 0.489063
0 0.846875 0.482812 0.663542 0.488281 0.665625 0.585156 0.847917 0.574219
0 0.622917 0.481250 0.414583 0.483594 0.418750 0.585938 0.622917 0.578906
0 0.401042 0.368750 0.408333 0.469531 0.615625 0.465625 0.610417 0.367969
0 0.837500 0.362500 0.650000 0.371875 0.658333 0.466406 0.845833 0.458594
0 0.134375 0.357031 0.144792 0.470313 0.381250 0.465625 0.368750 0.361719
0 0.644792 0.246094 0.653125 0.343750 0.843750 0.337500 0.836458 0.243750
0 0.395833 0.240625 0.408333 0.345313 0.615625 0.338281 0.605208 0.239063
0 0.121875 0.228125 0.133333 0.344531 0.369792 0.345313 0.358333 0.239063