0 0.593750 0.742969 0.495833 0.817969 0.556250 0.870313 0.654167 0.791406
0 0.506250 0.695312 0.400000 0.758594 0.450000 0.814063 0.556250 0.748437
0 0.392708 0.644531 0.297917 0.720313 0.359375 0.764062 0.450000 0.685156
0 0.679167 0.642188 0.603125 0.715625 0.668750 0.759375 0.743750 0.685156
0 0.598958 0.595313 0.507292 0.656250 0.559375 0.703125 0.653125 0.642188
0 0.240625 0.582812 0.145833 0.654687 0.204167 0.696094 0.295833 0.618750
0 0.752083 0.546094 0.680208 0.614844 0.742708 0.652344 0.813542 0.583594
0 0.455208 0.529687 0.380208 0.598437 0.437500 0.635938 0.514583 0.564844
0 0.620833 0.491406 0.552083 0.556250 0.613542 0.591406 0.679167 0.525000
0 0.323958 0.482812 0.246875 0.552344 0.305208 0.584375 0.382292 0.513281
0 0.491667 0.438281 0.443750 0.511719 0.511458 0.533594 0.556250 0.459375
0 0.368750 0.396875 0.330208 0.471094 0.401042 0.488281 0.437500 0.414062