0 0.583333 0.646094 0.571875 0.787500 0.696875 0.797656 0.696875 0.656250
0 0.293750 0.635938 0.223958 0.772656 0.337500 0.796094 0.400000 0.657813
0 0.769792 0.632812 0.723958 0.703906 0.910417 0.779687 0.948958 0.700781
0 0.106250 0.619531 0.028125 0.753906 0.137500 0.772656 0.212500 0.638281
0 0.539583 0.556250 0.372917 0.557813 0.362500 0.626563 0.538542 0.625000
0 0.758333 0.505469 0.796875 0.614844 0.908333 0.607031 0.859375 0.501563
0 0.256250 0.486719 0.165625 0.523438 0.223958 0.615625 0.322917 0.576562
0 0.605208 0.478125 0.540625 0.521875 0.660417 0.601562 0.728125 0.550000
0 0.478125 0.443750 0.327083 0.464844 0.339583 0.525000 0.494792 0.502344
0 0.247917 0.418750 0.095833 0.441406 0.098958 0.497656 0.259375 0.473438
0 0.780208 0.408594 0.656250 0.454688 0.707292 0.507031 0.838542 0.458594
0 0.625000 0.367969 0.508333 0.411719 0.556250 0.459375 0.676042 0.410938
0 0.407292 0.346875 0.403125 0.428125 0.496875 0.426563 0.493750 0.347656
0 0.346875 0.328906 0.263542 0.345313 0.302083 0.421875 0.388542 0.403125
0 0.248958 0.345313 0.177083 0.327344 0.094792 0.400000 0.170833 0.420312
0 0.703125 0.317188 0.717708 0.396875 0.812500 0.393750 0.790625 0.314063