0 0.500781 0.650000 0.501563 0.926042 0.628125 0.921875 0.615625 0.651042
0 0.321875 0.646875 0.196875 0.656250 0.181250 0.930208 0.314844 0.919792
0 0.669531 0.630208 0.671094 0.895833 0.797656 0.908333 0.785156 0.642708
0 0.474219 0.630208 0.353906 0.641667 0.353125 0.910417 0.482031 0.896875
0 0.327344 0.367708 0.211719 0.378125 0.212500 0.610417 0.332813 0.591667
0 0.356250 0.360417 0.342969 0.589583 0.460156 0.591667 0.464844 0.368750
0 0.488281 0.360417 0.479687 0.583333 0.592969 0.593750 0.596875 0.370833
0 0.640625 0.344792 0.649219 0.563542 0.763281 0.568750 0.747656 0.347917
0 0.321094 0.140625 0.216406 0.144792 0.212500 0.347917 0.325781 0.338542
0 0.353125 0.133333 0.347656 0.329167 0.457813 0.330208 0.456250 0.135417
0 0.487500 0.127083 0.496094 0.321875 0.603125 0.317708 0.589844 0.127083
0 0.638281 0.105208 0.646875 0.293750 0.753906 0.295833 0.738281 0.110417