0 0.517188 0.578125 0.409375 0.645833 0.485938 0.860417 0.614062 0.764583
0 0.263281 0.594792 0.425781 0.609375 0.457813 0.501042 0.307031 0.501042
0 0.574219 0.558333 0.752344 0.671875 0.814063 0.551042 0.636719 0.469792
0 0.419531 0.425000 0.425781 0.418750 0.428125 0.422917 0.422656 0.429167
0 0.317969 0.408333 0.182031 0.437500 0.153906 0.520833 0.301563 0.492708
0 0.419531 0.458333 0.549219 0.520833 0.605469 0.431250 0.477344 0.382292
0 0.485938 0.337500 0.427344 0.306250 0.323437 0.406250 0.380469 0.444792
0 0.877344 0.364583 0.792188 0.305208 0.666406 0.401042 0.742188 0.469792
0 0.321875 0.275000 0.247656 0.312500 0.272656 0.392708 0.353906 0.346875
0 0.641406 0.251042 0.554688 0.267708 0.559375 0.372917 0.657813 0.353125
0 0.489063 0.201042 0.415625 0.212500 0.406250 0.289583 0.486719 0.271875