0 0.564941 0.822049 0.407227 0.863715 0.413086 0.993924 0.584473 0.999132
0 0.622559 0.798611 0.642578 0.977431 0.774902 0.973090 0.751953 0.802951
0 0.793945 0.758681 0.812500 0.916667 0.930664 0.934896 0.907715 0.782986
0 0.741211 0.526042 0.759277 0.664062 0.868164 0.680556 0.846191 0.550347
0 0.522461 0.494792 0.376465 0.495660 0.378418 0.647569 0.532715 0.638889
0 0.552246 0.486979 0.563477 0.639757 0.689453 0.654514 0.671387 0.510417
0 0.703613 0.319444 0.718750 0.435764 0.822754 0.459201 0.802246 0.345486
0 0.671387 0.383681 0.635254 0.275174 0.522461 0.308160 0.555664 0.427083
0 0.379883 0.248264 0.375977 0.368924 0.515137 0.408854 0.510742 0.292535
0 0.525391 0.126736 0.539062 0.231771 0.653809 0.243924 0.634766 0.147569
0 0.690430 0.122396 0.694336 0.229167 0.787109 0.286458 0.778320 0.184896
0 0.363770 0.026042 0.362305 0.151042 0.490723 0.188368 0.488281 0.069444