0 0.371875 0.589844 0.266667 0.757812 0.388542 0.785937 0.477083 0.626563
0 0.647917 0.556250 0.500000 0.592969 0.513542 0.687500 0.654167 0.640625
0 0.685417 0.493750 0.685417 0.493750 0.685417 0.493750 0.685417 0.493750
0 0.806250 0.453125 0.694792 0.508594 0.720833 0.582812 0.826042 0.524219
0 0.594792 0.445312 0.594792 0.439063 0.596875 0.439063 0.596875 0.445312
0 0.565625 0.425781 0.408333 0.501563 0.462500 0.589063 0.604167 0.509375
0 0.113542 0.420312 0.110417 0.551562 0.353125 0.544531 0.360417 0.434375
0 0.546875 0.406250 0.550000 0.406250 0.550000 0.411719 0.546875 0.411719
0 0.558333 0.385937 0.565625 0.374219 0.570833 0.375781 0.563542 0.388281
0 0.650000 0.357031 0.650000 0.357031 0.650000 0.357031 0.650000 0.357031
0 0.590625 0.435937 0.723958 0.335156 0.805208 0.396094 0.671875 0.496875
0 0.502083 0.253906 0.370833 0.375000 0.461458 0.450781 0.576042 0.334375
0 0.728125 0.218750 0.589583 0.238281 0.611458 0.339844 0.741667 0.314063