0 0.173958 0.675000 0.169792 0.758594 0.346875 0.758594 0.356250 0.677344
0 0.764583 0.664062 0.614583 0.675781 0.618750 0.754687 0.767708 0.738281
0 0.410417 0.610156 0.401042 0.689844 0.564583 0.695312 0.575000 0.617969
0 0.643750 0.537500 0.646875 0.615625 0.794792 0.611719 0.794792 0.535156
0 0.345833 0.533594 0.165625 0.536719 0.164583 0.619531 0.342708 0.615625
0 0.545833 0.503125 0.384375 0.525000 0.400000 0.603125 0.560417 0.579688
0 0.327083 0.396094 0.144792 0.403906 0.153125 0.486719 0.333333 0.478125
0 0.552083 0.396094 0.387500 0.403125 0.394792 0.482031 0.555208 0.474219
0 0.757292 0.353125 0.603125 0.364844 0.612500 0.441406 0.762500 0.429688
0 0.317708 0.290625 0.138542 0.303125 0.153125 0.388281 0.332292 0.373437
0 0.522917 0.279687 0.357292 0.291406 0.371875 0.372656 0.536458 0.357812
0 0.715625 0.260156 0.563542 0.271875 0.575000 0.350000 0.727083 0.336719