0 0.620833 0.507031 0.494792 0.640625 0.634375 0.701562 0.755208 0.555469
0 0.467708 0.485938 0.470833 0.485938 0.470833 0.485156 0.468750 0.485156
0 0.484375 0.474219 0.485417 0.473438 0.486458 0.474219 0.485417 0.475000
0 0.427083 0.457813 0.297917 0.489063 0.345833 0.623437 0.492708 0.583594
0 0.871875 0.403906 0.871875 0.403906 0.868750 0.403906 0.868750 0.403906
0 0.830208 0.388281 0.830208 0.388281 0.829167 0.388281 0.829167 0.388281
0 0.330208 0.403125 0.218750 0.389062 0.130208 0.501563 0.254167 0.518750
0 0.675000 0.446875 0.893750 0.509375 0.935417 0.432812 0.722917 0.387500
0 0.404167 0.440625 0.459375 0.356250 0.655208 0.428125 0.601042 0.512500
0 -0.008333 0.411719 0.171875 0.318750 0.220833 0.372656 0.039583 0.465625
0 0.587500 0.291406 0.563542 0.388281 0.692708 0.392969 0.702083 0.296875
0 0.541667 0.325781 0.461458 0.288281 0.330208 0.360938 0.400000 0.400781
0 0.394792 0.263281 0.232292 0.266406 0.205208 0.317969 0.372917 0.321094