0 0.744792 0.607031 0.631250 0.614844 0.654167 0.753125 0.767708 0.744531
0 0.352083 0.578906 0.279167 0.700000 0.381250 0.729688 0.448958 0.607031
0 0.515625 0.570312 0.485417 0.701562 0.594792 0.717187 0.618750 0.583594
0 0.841667 0.548438 0.767708 0.611719 0.916667 0.709375 0.995833 0.641406
0 0.222917 0.527344 0.116667 0.544531 0.140625 0.669531 0.246875 0.650781
0 0.455208 0.451562 0.306250 0.501563 0.345833 0.574219 0.495833 0.523438
0 0.600000 0.398438 0.525000 0.510156 0.621875 0.547656 0.698958 0.433594
0 0.789583 0.393750 0.689583 0.504687 0.781250 0.549219 0.882292 0.439844
0 0.246875 0.342969 0.204167 0.463281 0.306250 0.484375 0.347917 0.364844
0 0.486458 0.292187 0.384375 0.300000 0.402083 0.427344 0.500000 0.423438
0 0.611458 0.233594 0.586458 0.317969 0.755208 0.345313 0.779167 0.264062
0 0.198958 0.230469 0.177083 0.310156 0.332292 0.346094 0.356250 0.267188