0 0.422917 0.672656 0.347917 0.739844 0.478125 0.833594 0.551042 0.764062
0 0.553125 0.636719 0.556250 0.772656 0.667708 0.774219 0.660417 0.638281
0 0.256250 0.635156 0.154167 0.750781 0.241667 0.798438 0.345833 0.682031
0 0.773958 0.571875 0.689583 0.614844 0.794792 0.727344 0.881250 0.681250
0 0.411458 0.519531 0.354167 0.585938 0.495833 0.655469 0.551042 0.586719
0 0.517708 0.463281 0.511458 0.538281 0.678125 0.547656 0.681250 0.473438
0 0.218750 0.448437 0.126042 0.489844 0.207292 0.592969 0.301042 0.549219
0 0.750000 0.404687 0.719792 0.521094 0.820833 0.540625 0.850000 0.422656
0 0.456250 0.379688 0.297917 0.402344 0.313542 0.473438 0.473958 0.452344
0 0.298958 0.312500 0.142708 0.337500 0.157292 0.406250 0.316667 0.381250
0 0.701042 0.310156 0.694792 0.378125 0.854167 0.392969 0.859375 0.322656
0 0.552083 0.295312 0.535417 0.404687 0.637500 0.413281 0.648958 0.303125