0 0.720833 0.775000 0.722917 0.881250 0.935417 0.875781 0.931250 0.773438
0 0.487500 0.768750 0.476042 0.872656 0.690625 0.887500 0.704167 0.784375
0 0.234375 0.735156 0.229167 0.837500 0.442708 0.854688 0.446875 0.748437
0 0.680208 0.639844 0.463542 0.648438 0.469792 0.753906 0.688542 0.741406
0 0.928125 0.634375 0.718750 0.648438 0.729167 0.750781 0.938542 0.736719
0 0.181250 0.623437 0.181250 0.617969 0.186458 0.617969 0.186458 0.623437
0 0.198958 0.618750 0.196875 0.719531 0.415625 0.725000 0.416667 0.621094
0 0.685417 0.501563 0.471875 0.509375 0.477083 0.610156 0.691667 0.603906
0 0.923958 0.500781 0.714583 0.510156 0.726042 0.612500 0.932292 0.599219
0 0.235417 0.500000 0.225000 0.599219 0.435417 0.611719 0.442708 0.508594
0 0.237500 0.389062 0.228125 0.487500 0.435417 0.497656 0.444792 0.396875
0 0.692708 0.373437 0.481250 0.378906 0.484375 0.478906 0.695833 0.474219
0 0.921875 0.372656 0.715625 0.375781 0.718750 0.476562 0.928125 0.470313
0 0.708333 0.246875 0.713542 0.344531 0.918750 0.344531 0.914583 0.246875
0 0.685417 0.232813 0.475000 0.241406 0.484375 0.342187 0.694792 0.330469
0 0.330208 0.202344 0.326042 0.361719 0.462500 0.364063 0.465625 0.205469