0 0.195833 0.742969 0.204167 0.742969 0.204167 0.749219 0.195833 0.749219
0 0.459375 0.634375 0.396875 0.775781 0.512500 0.805469 0.567708 0.664062
0 0.454167 0.595313 0.454167 0.596094 0.455208 0.596094 0.455208 0.595313
0 0.316667 0.592187 0.241667 0.732031 0.352083 0.760938 0.422917 0.625000
0 0.640625 0.585938 0.583333 0.716406 0.693750 0.750781 0.747917 0.618750
0 0.469792 0.566406 0.469792 0.563281 0.471875 0.563281 0.471875 0.566406
0 0.138542 0.560156 0.138542 0.560156 0.138542 0.560156 0.138542 0.560156
0 0.176042 0.552344 0.087500 0.682813 0.196875 0.716406 0.280208 0.582812
0 0.316667 0.528906 0.320833 0.526563 0.325000 0.529687 0.321875 0.532813
0 0.502083 0.501563 0.502083 0.501563 0.501042 0.501563 0.501042 0.501563
0 0.521875 0.490625 0.468750 0.614844 0.579167 0.642188 0.629167 0.516406
0 0.517708 0.462500 0.517708 0.462500 0.517708 0.462500 0.517708 0.462500
0 0.357292 0.458594 0.357292 0.458594 0.357292 0.458594 0.357292 0.458594
0 0.386458 0.448437 0.322917 0.570312 0.430208 0.598437 0.488542 0.476562
0 0.688542 0.440625 0.638542 0.560156 0.747917 0.587500 0.792708 0.465625
0 0.246875 0.410156 0.169792 0.528906 0.271875 0.559375 0.345833 0.437500
0 0.190625 0.357031 0.190625 0.357031 0.187500 0.357031 0.187500 0.357031
0 0.261458 0.357031 0.262500 0.355469 0.264583 0.357031 0.262500 0.357812
0 0.598958 0.349219 0.540625 0.466406 0.639583 0.493750 0.697917 0.375781
0 0.453125 0.322656 0.395833 0.435156 0.494792 0.463281 0.551042 0.345313
0 0.334375 0.282813 0.261458 0.388281 0.357292 0.423438 0.429167 0.314063