0 0.634375 0.564844 0.550000 0.573438 0.571875 0.673438 0.654167 0.666406
0 0.495833 0.561719 0.412500 0.566406 0.422917 0.666406 0.505208 0.662500
0 0.317708 0.555469 0.271875 0.645312 0.348958 0.670312 0.396875 0.578906
0 0.792708 0.521094 0.703125 0.525781 0.708333 0.627344 0.798958 0.626563
0 0.361458 0.444531 0.278125 0.446875 0.284375 0.546875 0.366667 0.544531
0 0.501042 0.415625 0.417708 0.424219 0.436458 0.525000 0.516667 0.517969
0 0.642708 0.405469 0.556250 0.412500 0.567708 0.514062 0.655208 0.509375
0 0.688542 0.330469 0.679167 0.435937 0.770833 0.438281 0.778125 0.333594
0 0.275000 0.312500 0.273958 0.415625 0.357292 0.417187 0.359375 0.314063
0 0.478125 0.284375 0.395833 0.304688 0.431250 0.403125 0.514583 0.385937
0 0.643750 0.282813 0.554167 0.285938 0.557292 0.391406 0.644792 0.388281