0 0.566667 0.689063 0.400000 0.735156 0.435417 0.820312 0.605208 0.774219
0 0.473958 0.589844 0.321875 0.652344 0.369792 0.728125 0.523958 0.661719
0 0.719792 0.521875 0.577083 0.586719 0.637500 0.657813 0.779167 0.591406
0 0.406250 0.474219 0.255208 0.522656 0.290625 0.594531 0.444792 0.544531
0 0.640625 0.451562 0.494792 0.501563 0.538542 0.571875 0.687500 0.521094
0 0.861458 0.446094 0.735417 0.519531 0.805208 0.582812 0.932292 0.506250
0 0.348958 0.392188 0.202083 0.445312 0.243750 0.510938 0.392708 0.455469
0 0.781250 0.363281 0.647917 0.426563 0.707292 0.487500 0.840625 0.424219
0 0.544792 0.353125 0.414583 0.415625 0.467708 0.476562 0.600000 0.411719
0 0.482292 0.276562 0.359375 0.345313 0.419792 0.398438 0.540625 0.329688
0 0.736458 0.272656 0.609375 0.331250 0.665625 0.390625 0.793750 0.329688
0 0.627083 0.198437 0.505208 0.259375 0.560417 0.311719 0.684375 0.251563