0 0.765625 0.690430 0.778646 0.572754 1.011285 0.581055 0.998264 0.698730
0 0.438368 0.568848 0.271701 0.574707 0.217882 0.697266 0.411458 0.692871
0 0.177951 0.562988 0.005208 0.578613 0.000000 0.698242 0.161458 0.681152
0 0.513889 0.553711 0.489583 0.663574 0.690104 0.672363 0.686632 0.558105
0 0.197049 0.447266 0.059896 0.462891 0.041667 0.538574 0.195312 0.520996
0 0.754340 0.445312 0.676215 0.517090 0.828125 0.539551 0.895833 0.462402
0 0.513021 0.444336 0.430556 0.505859 0.575521 0.521973 0.642361 0.458496
0 0.463542 0.442383 0.342882 0.429199 0.238715 0.498047 0.371528 0.515137
0 0.809896 0.376465 0.744792 0.430176 0.880208 0.451172 0.934896 0.394043
0 0.609375 0.373047 0.501736 0.367188 0.428819 0.423828 0.547743 0.433594
0 0.297743 0.372070 0.208333 0.355957 0.082465 0.396484 0.177083 0.414062
0 0.605035 0.396484 0.722222 0.417480 0.797743 0.368652 0.684896 0.354004
0 0.482639 0.360840 0.379340 0.353027 0.296007 0.408691 0.409722 0.419922