0 0.000000 0.662598 0.000000 0.767578 0.226562 0.771484 0.239583 0.672852
0 0.366319 0.618652 0.293403 0.709473 0.537326 0.766602 0.602431 0.677246
0 0.936632 0.591309 0.692708 0.593262 0.695312 0.685547 0.940972 0.681641
0 0.000000 0.486816 0.000000 0.588867 0.223958 0.606934 0.251736 0.509766
0 0.305556 0.461914 0.295139 0.557617 0.559028 0.564453 0.565972 0.474121
0 0.671007 0.454590 0.673611 0.544434 0.917535 0.544434 0.910590 0.456543
0 0.000000 0.338379 0.000000 0.440430 0.254340 0.443359 0.254340 0.350098
0 0.288194 0.316406 0.275174 0.406738 0.536458 0.417969 0.547743 0.326660
0 0.648438 0.310547 0.627604 0.398438 0.865451 0.422363 0.887153 0.336914
0 0.196181 0.218750 0.000000 0.242188 0.000000 0.335938 0.237847 0.308105
0 0.490451 0.179688 0.231771 0.193848 0.259549 0.283203 0.513021 0.267578
0 0.611111 0.164062 0.609375 0.256836 0.842014 0.270996 0.845486 0.182617