0 0.454167 0.682813 0.291667 0.703125 0.302083 0.779687 0.465625 0.758594
0 0.657292 0.655469 0.509375 0.671094 0.516667 0.747656 0.665625 0.727344
0 0.814583 0.642188 0.671875 0.664844 0.685417 0.735938 0.828125 0.713281
0 0.285417 0.550781 0.284375 0.627344 0.450000 0.622656 0.447917 0.548438
0 0.644792 0.537500 0.493750 0.550000 0.502083 0.624219 0.652083 0.610938
0 0.810417 0.536719 0.660417 0.545312 0.667708 0.617188 0.817708 0.607031
0 0.813542 0.427344 0.665625 0.431250 0.667708 0.503125 0.817708 0.498437
0 0.450000 0.421094 0.293750 0.445312 0.314583 0.520312 0.469792 0.493750
0 0.623958 0.403125 0.472917 0.420312 0.488542 0.493750 0.638542 0.474219
0 0.803125 0.309375 0.654167 0.310937 0.656250 0.382812 0.805208 0.380469
0 0.614583 0.287500 0.459375 0.290625 0.464583 0.364844 0.618750 0.361719
0 0.245833 0.261719 0.251042 0.339062 0.414583 0.338281 0.408333 0.263281