0 0.450521 0.690430 0.326389 0.720215 0.414931 0.844727 0.549479 0.810059
0 0.287326 0.681641 0.147569 0.701660 0.190104 0.830078 0.340278 0.805176
0 0.622396 0.675293 0.503472 0.693359 0.583333 0.816406 0.712674 0.791016
0 0.684896 0.601074 0.844618 0.587402 0.900174 0.788086 0.739583 0.802246
0 0.153646 0.552246 0.021701 0.563965 0.052083 0.647949 0.191840 0.632324
0 0.340278 0.532227 0.219618 0.539551 0.224826 0.627930 0.354167 0.619141
0 0.418403 0.529297 0.393229 0.604004 0.516493 0.617188 0.529514 0.541504
0 0.596354 0.560547 0.616319 0.473633 0.912326 0.494629 0.892361 0.581543
0 0.166667 0.442871 0.063368 0.462402 0.117188 0.532715 0.226562 0.510254
0 0.395833 0.458008 0.316840 0.434082 0.207465 0.475098 0.290799 0.502441
0 0.433160 0.394531 0.606771 0.391602 0.612847 0.514648 0.439236 0.517090
0 0.168403 0.382812 0.133681 0.439941 0.241319 0.449219 0.268229 0.391602