0 0.240451 0.615234 0.119792 0.644531 0.147569 0.757324 0.276042 0.728027
0 0.493924 0.597656 0.447049 0.671875 0.669271 0.705078 0.709201 0.625000
0 0.736979 0.604492 0.832465 0.534180 1.031250 0.620117 0.935764 0.690430
0 0.604167 0.479004 0.417535 0.508789 0.431424 0.563965 0.630208 0.531738
0 0.319444 0.473633 0.149306 0.517578 0.169271 0.566406 0.348958 0.518555
0 0.896701 0.449219 0.689236 0.474121 0.704861 0.532715 0.927083 0.507324
0 0.142361 0.419434 0.048611 0.446777 0.074653 0.517578 0.177083 0.486816
0 0.241319 0.390137 0.149306 0.422363 0.231771 0.466797 0.326389 0.431641
0 0.578993 0.389160 0.421007 0.437500 0.462674 0.479980 0.630208 0.428711
0 0.866319 0.342773 0.743924 0.346191 0.719618 0.427734 0.846354 0.425293
0 0.367188 0.330078 0.289931 0.365234 0.382812 0.413086 0.462674 0.374512
0 0.538194 0.292480 0.445312 0.318359 0.512153 0.367188 0.611111 0.341797