0 0.282292 0.657813 0.106250 0.685937 0.112500 0.773438 0.287500 0.737500
0 0.346875 0.642969 0.329167 0.722656 0.463542 0.724219 0.480208 0.653125
0 0.647917 0.635156 0.540625 0.653125 0.544792 0.720313 0.650000 0.696875
0 0.283333 0.528906 0.107292 0.563281 0.132292 0.647656 0.304167 0.607031
0 0.475000 0.517969 0.338542 0.537500 0.351042 0.614062 0.485417 0.587500
0 0.638542 0.498437 0.534375 0.521094 0.547917 0.588281 0.651042 0.560156
0 0.260417 0.422656 0.076042 0.431250 0.087500 0.522656 0.269792 0.505469
0 0.468750 0.403125 0.337500 0.438281 0.368750 0.512500 0.494792 0.471875
0 0.631250 0.372656 0.525000 0.392188 0.542708 0.461719 0.645833 0.437500
0 0.618750 0.267969 0.506250 0.273438 0.521875 0.346875 0.630208 0.337500
0 0.452083 0.265625 0.309375 0.275781 0.333333 0.359375 0.470833 0.342187
0 0.046875 0.259375 0.045833 0.354687 0.237500 0.371875 0.240625 0.287500