0 0.830729 0.504395 0.789931 0.613281 0.947917 0.624512 0.981771 0.510254
0 0.505208 0.503418 0.497396 0.619629 0.649306 0.625000 0.646701 0.506836
0 0.149306 0.470703 0.018229 0.476562 0.000000 0.567383 0.127604 0.562500
0 0.451389 0.474121 0.355903 0.444336 0.210938 0.520996 0.306424 0.557129
0 0.796007 0.379883 0.775174 0.469238 0.918403 0.474609 0.930556 0.382324
0 0.730035 0.368652 0.603299 0.374512 0.610243 0.464355 0.743924 0.460449
0 0.525174 0.338867 0.407986 0.345215 0.406250 0.427734 0.533854 0.422363
0 0.296007 0.325195 0.248264 0.400879 0.368924 0.411621 0.410590 0.329590
0 0.185764 0.313965 0.072049 0.330566 0.086806 0.409180 0.207465 0.392578
0 0.773438 0.291504 0.592882 0.310059 0.610243 0.357910 0.802083 0.336914
0 0.513889 0.250488 0.342014 0.267578 0.356771 0.315430 0.535590 0.293945
0 0.255208 0.224609 0.098090 0.259766 0.131076 0.299805 0.294271 0.261719