0 0.564583 0.700781 0.406250 0.728125 0.425000 0.807031 0.586458 0.778906
0 0.720833 0.653906 0.567708 0.685937 0.594792 0.762500 0.748958 0.728125
0 0.892708 0.621094 0.743750 0.641406 0.761458 0.717187 0.912500 0.696094
0 0.490625 0.598437 0.339583 0.646094 0.377083 0.718750 0.526042 0.669531
0 0.666667 0.557813 0.522917 0.599219 0.556250 0.670312 0.702083 0.628906
0 0.817708 0.508594 0.681250 0.553125 0.721875 0.622656 0.858333 0.575781
0 0.452083 0.505469 0.298958 0.529687 0.314583 0.603125 0.471875 0.576562
0 0.617708 0.460156 0.473958 0.495312 0.502083 0.564063 0.648958 0.528906
0 0.767708 0.421094 0.628125 0.457031 0.661458 0.525000 0.802083 0.489063
0 0.404167 0.403906 0.256250 0.442969 0.290625 0.511719 0.437500 0.471094
0 0.564583 0.366406 0.421875 0.400000 0.451042 0.467187 0.595833 0.432812
0 0.719792 0.329688 0.578125 0.362500 0.608333 0.428906 0.747917 0.396094