0 0.253125 0.615625 0.239583 0.687500 0.387500 0.700781 0.401042 0.628906
0 0.756250 0.601562 0.622917 0.604688 0.626042 0.675000 0.759375 0.669531
0 0.543750 0.523438 0.411458 0.557813 0.438542 0.623437 0.570833 0.585938
0 0.353125 0.513281 0.206250 0.520312 0.206250 0.590625 0.357292 0.583594
0 0.735417 0.468750 0.603125 0.475781 0.610417 0.540625 0.742708 0.535156
0 0.355208 0.419531 0.207292 0.421875 0.209375 0.490625 0.358333 0.485938
0 0.441667 0.386719 0.373958 0.428906 0.463542 0.509375 0.528125 0.467187
0 0.687500 0.353125 0.558333 0.367969 0.571875 0.431250 0.701042 0.417187
0 0.148958 0.333594 0.148958 0.401562 0.297917 0.400000 0.295833 0.335156
0 0.473958 0.296875 0.335417 0.306250 0.344792 0.369531 0.484375 0.362500
0 0.525000 0.275000 0.531250 0.339844 0.660417 0.341406 0.658333 0.278125