0 0.473958 0.635156 0.348958 0.647656 0.354167 0.708594 0.482292 0.693750
0 0.632292 0.615625 0.515625 0.626563 0.521875 0.685937 0.638542 0.672656
0 0.760417 0.610156 0.644792 0.623437 0.656250 0.682031 0.768750 0.664844
0 0.344792 0.528906 0.343750 0.589063 0.470833 0.587500 0.469792 0.528906
0 0.756250 0.525000 0.638542 0.528906 0.641667 0.586719 0.760417 0.579688
0 0.625000 0.523438 0.507292 0.530469 0.512500 0.589063 0.630208 0.580469
0 0.760417 0.438281 0.641667 0.439844 0.643750 0.496094 0.762500 0.493750
0 0.473958 0.429688 0.352083 0.446875 0.366667 0.504687 0.489583 0.485938
0 0.609375 0.415625 0.492708 0.428125 0.502083 0.485156 0.618750 0.473438
0 0.634375 0.345313 0.637500 0.401562 0.755208 0.400000 0.751042 0.342187
0 0.604167 0.325781 0.484375 0.326562 0.486458 0.385937 0.607292 0.384375
0 0.317708 0.302344 0.320833 0.363281 0.446875 0.364844 0.442708 0.304688