0 0.646094 0.706250 0.596094 0.844792 0.667188 0.896875 0.714844 0.751042
0 0.555469 0.652083 0.505469 0.784375 0.568750 0.831250 0.619531 0.692708
0 0.483594 0.589583 0.432031 0.714583 0.491406 0.755208 0.540625 0.625000
0 0.700781 0.540625 0.648438 0.658333 0.714063 0.707292 0.764844 0.583333
0 0.416406 0.536458 0.357812 0.648958 0.407813 0.692708 0.465625 0.576042
0 0.351562 0.489583 0.292969 0.594792 0.341406 0.636458 0.398438 0.525000
0 0.614844 0.488542 0.566406 0.598958 0.627344 0.642708 0.675000 0.523958
0 0.544531 0.454167 0.498437 0.564583 0.557031 0.598958 0.600781 0.485417
0 0.482031 0.411458 0.434375 0.514583 0.485938 0.550000 0.534375 0.441667
0 0.763281 0.410417 0.718750 0.523958 0.783594 0.561458 0.825000 0.446875
0 0.671875 0.370833 0.628125 0.475000 0.689063 0.511458 0.732031 0.400000
0 0.419531 0.370833 0.361719 0.465625 0.406250 0.502083 0.462500 0.405208
0 0.607031 0.332292 0.561719 0.433333 0.618750 0.465625 0.661719 0.360417
0 0.536719 0.285417 0.488281 0.381250 0.540625 0.411458 0.585938 0.314583
0 0.474219 0.252083 0.426563 0.340625 0.470313 0.372917 0.521094 0.281250