0 0.372917 0.564844 0.263542 0.571875 0.273958 0.704688 0.381250 0.697656
0 0.516667 0.552344 0.409375 0.557813 0.421875 0.692969 0.530208 0.685937
0 0.790625 0.545312 0.679167 0.551562 0.700000 0.687500 0.813542 0.681250
0 0.660417 0.546875 0.550000 0.551562 0.561458 0.685937 0.676042 0.681250
0 0.356250 0.398438 0.250000 0.410156 0.269792 0.534375 0.377083 0.519531
0 0.483333 0.385937 0.380208 0.400000 0.406250 0.523438 0.510417 0.510156
0 0.648958 0.375000 0.541667 0.380469 0.550000 0.505469 0.659375 0.500781
0 0.785417 0.372656 0.675000 0.378125 0.687500 0.505469 0.800000 0.499219
0 0.333333 0.215625 0.231250 0.228125 0.247917 0.344531 0.348958 0.333594
0 0.479167 0.201563 0.377083 0.212500 0.395833 0.331250 0.498958 0.317969
0 0.641667 0.195312 0.537500 0.200781 0.543750 0.320312 0.651042 0.314844
0 0.781250 0.190625 0.671875 0.196094 0.679167 0.316406 0.789583 0.311719