0 0.521875 0.675000 0.401042 0.769531 0.473958 0.828125 0.592708 0.732031
0 0.438542 0.599219 0.309375 0.687500 0.378125 0.750781 0.506250 0.660937
0 0.679167 0.570312 0.559375 0.653125 0.625000 0.715625 0.742708 0.630469
0 0.353125 0.507031 0.220833 0.599219 0.292708 0.658594 0.422917 0.568750
0 0.591667 0.496875 0.463542 0.578906 0.528125 0.641406 0.653125 0.556250
0 0.811458 0.470313 0.698958 0.555469 0.763542 0.613281 0.873958 0.528906
0 0.256250 0.435156 0.118750 0.522656 0.191667 0.588281 0.327083 0.498437
0 0.495833 0.412500 0.369792 0.497656 0.438542 0.559375 0.561458 0.475000
0 0.745833 0.399219 0.616667 0.474219 0.676042 0.538281 0.800000 0.462500
0 0.139583 0.345313 0.000000 0.435156 0.082292 0.502344 0.217708 0.409375
0 0.401042 0.329688 0.275000 0.419531 0.348958 0.480469 0.472917 0.392969
0 0.646875 0.317969 0.520833 0.395313 0.583333 0.460156 0.707292 0.381250
0 0.303125 0.236719 0.164583 0.321094 0.236458 0.387500 0.370833 0.306250
0 0.552083 0.232813 0.427083 0.314063 0.492708 0.378906 0.617708 0.298438
0 0.440625 0.139063 0.314583 0.225000 0.387500 0.290625 0.511458 0.204687