0 0.621875 0.615625 0.611458 0.732031 0.696875 0.739844 0.700000 0.626563
0 0.508333 0.595313 0.495833 0.714063 0.587500 0.724219 0.592708 0.606250
0 0.340625 0.584375 0.334375 0.712500 0.437500 0.712500 0.435417 0.588281
0 0.618750 0.483594 0.622917 0.583594 0.707292 0.591406 0.696875 0.492969
0 0.519792 0.466406 0.510417 0.571875 0.593750 0.582812 0.595833 0.478125
0 0.345833 0.448437 0.343750 0.560937 0.440625 0.564844 0.437500 0.457813
0 0.613542 0.367188 0.623958 0.458594 0.697917 0.466406 0.685417 0.377344
0 0.513542 0.346875 0.517708 0.442188 0.597917 0.448437 0.589583 0.357031
0 0.373958 0.332813 0.360417 0.432031 0.451042 0.446094 0.459375 0.349219
0 0.628125 0.267188 0.632292 0.353125 0.701042 0.363281 0.692708 0.281250
0 0.520833 0.246094 0.515625 0.332813 0.590625 0.346875 0.591667 0.263281
0 0.366667 0.229687 0.373958 0.322656 0.461458 0.329688 0.447917 0.240625
0 0.607292 0.160156 0.620833 0.235937 0.687500 0.245312 0.670833 0.172656
0 0.510417 0.149219 0.516667 0.227344 0.589583 0.238281 0.580208 0.164844
0 0.364583 0.125781 0.365625 0.208594 0.446875 0.223438 0.443750 0.142187