0 0.433333 0.692187 0.368750 0.723437 0.431250 0.806250 0.494792 0.771094
0 0.511458 0.657031 0.455208 0.685156 0.518750 0.764844 0.575000 0.732031
0 0.587500 0.621875 0.537500 0.650000 0.604167 0.724219 0.654167 0.692187
0 0.369792 0.596875 0.303125 0.621875 0.355208 0.703906 0.421875 0.677344
0 0.665625 0.592969 0.616667 0.620313 0.682292 0.691406 0.729167 0.660937
0 0.446875 0.560156 0.391667 0.587500 0.452083 0.660937 0.509375 0.630469
0 0.519792 0.533594 0.467708 0.560937 0.529167 0.629687 0.580208 0.601562
0 0.581250 0.504687 0.533333 0.528906 0.589583 0.596094 0.640625 0.571094
0 0.294792 0.502344 0.229167 0.525000 0.282292 0.602344 0.350000 0.575781
0 0.376042 0.474219 0.314583 0.496094 0.367708 0.569531 0.429167 0.545312
0 0.458333 0.449219 0.407292 0.471094 0.464583 0.539062 0.516667 0.513281
0 0.526042 0.427344 0.477083 0.446875 0.533333 0.514062 0.583333 0.489844