0 0.653125 0.520312 0.647917 0.610156 0.725000 0.614062 0.727083 0.525000
0 0.560417 0.514062 0.550000 0.603125 0.623958 0.609375 0.634375 0.520312
0 0.458333 0.500000 0.451042 0.589844 0.523958 0.593750 0.532292 0.503906
0 0.368750 0.498437 0.354167 0.588281 0.430208 0.594531 0.441667 0.504687
0 0.257292 0.496094 0.245833 0.586719 0.323958 0.590625 0.333333 0.500781
0 0.666667 0.411719 0.657292 0.497656 0.731250 0.504687 0.740625 0.416406
0 0.575000 0.407813 0.559375 0.493750 0.633333 0.502344 0.646875 0.415625
0 0.471875 0.402344 0.462500 0.489844 0.535417 0.494531 0.544792 0.407031
0 0.375000 0.396094 0.366667 0.484375 0.442708 0.487500 0.447917 0.400000
0 0.268750 0.387500 0.253125 0.475000 0.329167 0.482812 0.343750 0.395313
0 0.673958 0.311719 0.669792 0.397656 0.743750 0.400781 0.745833 0.314063
0 0.591667 0.301563 0.573958 0.388281 0.646875 0.396875 0.663542 0.311719
0 0.490625 0.299219 0.475000 0.385156 0.545833 0.392969 0.561458 0.306250
0 0.388542 0.293750 0.377083 0.380469 0.451042 0.386719 0.460417 0.298438
0 0.275000 0.292187 0.267708 0.378125 0.341667 0.382812 0.348958 0.293750