0 0.736458 0.626563 0.736458 0.626563 0.735417 0.626563 0.735417 0.626563
0 0.658333 0.539062 0.601042 0.639844 0.697917 0.671094 0.751042 0.567969
0 0.488542 0.484375 0.416667 0.524219 0.497917 0.607031 0.573958 0.563281
0 0.607292 0.424219 0.530208 0.448437 0.597917 0.533594 0.678125 0.506250
0 0.431250 0.406250 0.321875 0.464844 0.377083 0.509375 0.485417 0.448437
0 0.632292 0.353906 0.576042 0.389844 0.676042 0.452344 0.733333 0.411719
0 0.451042 0.313281 0.370833 0.321875 0.396875 0.403125 0.479167 0.392969
0 0.720833 0.307812 0.687500 0.349219 0.810417 0.388281 0.841667 0.342187
0 0.582292 0.285938 0.471875 0.325781 0.509375 0.366406 0.622917 0.327344
0 0.546875 0.232031 0.431250 0.257812 0.446875 0.299219 0.563542 0.275781
0 0.676042 0.228906 0.654167 0.266406 0.770833 0.293750 0.793750 0.250781