0 0.569792 0.686719 0.493750 0.733594 0.589583 0.832031 0.669792 0.780469
0 0.300000 0.678125 0.282292 0.747656 0.427083 0.753125 0.439583 0.681250
0 0.863542 0.654687 0.704167 0.654687 0.710417 0.726562 0.879167 0.724219
0 0.328125 0.588281 0.309375 0.646875 0.442708 0.654687 0.458333 0.592969
0 0.653125 0.579688 0.513542 0.581250 0.507292 0.641406 0.654167 0.641406
0 0.845833 0.575000 0.695833 0.575781 0.700000 0.638281 0.857292 0.637500
0 0.478125 0.515625 0.354167 0.517188 0.340625 0.569531 0.469792 0.568750
0 0.657292 0.507031 0.526042 0.509375 0.519792 0.561719 0.656250 0.561719
0 0.825000 0.500781 0.684375 0.504687 0.686458 0.559375 0.833333 0.557031
0 0.390625 0.446875 0.376042 0.492969 0.494792 0.496875 0.505208 0.448437
0 0.659375 0.439844 0.536458 0.440625 0.527083 0.486719 0.653125 0.489844
0 0.816667 0.432812 0.684375 0.435937 0.685417 0.484375 0.821875 0.482031