0 0.259375 0.900000 0.269531 0.892708 0.289062 0.941667 0.278906 0.947917
0 0.124219 0.897917 0.146094 0.881250 0.150781 0.891667 0.128125 0.908333
0 0.158594 0.884375 0.166406 0.882292 0.167187 0.886458 0.158594 0.888542
0 0.250000 0.875000 0.260156 0.875000 0.260156 0.877083 0.250000 0.877083
0 0.236719 0.876042 0.240625 0.869792 0.258594 0.889583 0.254688 0.895833
0 0.172656 0.877083 0.186719 0.868750 0.188281 0.873958 0.174219 0.882292
0 0.293750 0.868750 0.293750 0.862500 0.295312 0.862500 0.295312 0.868750
0 0.314063 0.861458 0.314063 0.861458 0.314063 0.860417 0.314063 0.860417
0 0.232031 0.857292 0.232031 0.857292 0.232031 0.857292 0.232031 0.857292
0 0.195312 0.859375 0.207031 0.847917 0.208594 0.852083 0.196875 0.863542
0 0.210156 0.841667 0.225000 0.803125 0.238281 0.812500 0.222656 0.850000
0 0.596094 0.805208 0.587500 0.903125 0.718750 0.927083 0.719531 0.820833
0 0.501563 0.775000 0.501563 0.775000 0.501563 0.775000 0.501563 0.775000
0 0.461719 0.778125 0.445312 0.868750 0.564844 0.888542 0.572656 0.789583
0 0.485938 0.766667 0.485938 0.766667 0.485938 0.766667 0.485938 0.766667
0 0.465625 0.747917 0.465625 0.745833 0.467187 0.745833 0.467187 0.747917
0 0.454688 0.745833 0.460156 0.744792 0.461719 0.751042 0.456250 0.752083
0 0.513281 0.743750 0.513281 0.743750 0.513281 0.742708 0.513281 0.742708
0 0.472656 0.739583 0.474219 0.738542 0.475000 0.739583 0.473438 0.740625
0 0.497656 0.736458 0.497656 0.736458 0.497656 0.735417 0.497656 0.735417
0 0.478125 0.736458 0.478125 0.736458 0.478125 0.734375 0.478125 0.734375
0 0.356250 0.730208 0.327344 0.814583 0.429688 0.848958 0.453125 0.757292
0 0.454688 0.728125 0.454688 0.728125 0.454688 0.728125 0.454688 0.728125
0 0.471875 0.731250 0.476562 0.723958 0.479687 0.728125 0.475000 0.735417
0 0.453125 0.728125 0.462500 0.726042 0.463281 0.735417 0.453906 0.737500
0 0.474219 0.723958 0.474219 0.723958 0.474219 0.723958 0.474219 0.723958
0 0.454688 0.719792 0.454688 0.720833 0.456250 0.720833 0.455469 0.719792
0 0.459375 0.719792 0.460156 0.717708 0.464062 0.718750 0.463281 0.721875
0 0.240625 0.723958 0.220312 0.803125 0.320312 0.810417 0.336719 0.723958
0 0.473438 0.716667 0.474219 0.715625 0.475000 0.716667 0.474219 0.717708
0 0.498437 0.713542 0.506250 0.713542 0.506250 0.718750 0.498437 0.718750
0 0.485938 0.712500 0.485938 0.712500 0.485938 0.712500 0.485938 0.712500
0 0.471094 0.712500 0.471094 0.712500 0.469531 0.712500 0.469531 0.712500
0 0.340625 0.707292 0.342969 0.707292 0.342969 0.711458 0.340625 0.711458
0 0.106250 0.780208 0.196875 0.797917 0.224219 0.715625 0.138281 0.705208
0 0.337500 0.705208 0.337500 0.703125 0.339062 0.703125 0.339062 0.705208
0 0.307812 0.697917 0.310937 0.697917 0.310937 0.708333 0.307812 0.708333
0 0.623437 0.653125 0.611719 0.733333 0.728906 0.763542 0.735156 0.676042
0 0.499219 0.623958 0.485938 0.696875 0.591406 0.720833 0.600781 0.641667
0 0.332813 0.612500 0.469531 0.588542 0.479687 0.685417 0.342187 0.710417
0 0.260156 0.646875 0.345313 0.671875 0.371094 0.602083 0.290625 0.584375
0 0.158594 0.637500 0.239063 0.651042 0.263281 0.582292 0.185156 0.577083
0 0.647656 0.560417 0.638281 0.628125 0.749219 0.656250 0.755469 0.581250
0 0.522656 0.535417 0.509375 0.603125 0.607812 0.616667 0.616406 0.540625
0 0.395313 0.579167 0.485938 0.591667 0.499219 0.525000 0.412500 0.521875
0 0.298438 0.550000 0.382031 0.564583 0.401562 0.504167 0.321875 0.495833
0 0.284375 0.493750 0.209375 0.494792 0.186719 0.548958 0.264844 0.553125