0 0.489583 0.557031 0.454167 0.614844 0.579167 0.658594 0.612500 0.597656
0 0.159375 0.556250 0.096875 0.603125 0.175000 0.672656 0.241667 0.621094
0 0.720833 0.459375 0.643750 0.482031 0.700000 0.575781 0.777083 0.552344
0 0.348958 0.456250 0.306250 0.507812 0.422917 0.553906 0.463542 0.502344
0 0.522917 0.377344 0.467708 0.419531 0.557292 0.485938 0.612500 0.442969
0 0.887500 0.363281 0.812500 0.388281 0.872917 0.478125 0.950000 0.452344
0 0.280208 0.356250 0.206250 0.376563 0.258333 0.459375 0.335417 0.435156
0 0.380208 0.302344 0.328125 0.342969 0.405208 0.402344 0.460417 0.360938
0 0.683333 0.278906 0.627083 0.318750 0.710417 0.384375 0.770833 0.343750
0 0.826042 0.220312 0.754167 0.251563 0.812500 0.332813 0.886458 0.304688
0 0.567708 0.189844 0.535417 0.243750 0.645833 0.282031 0.681250 0.225781
0 0.642708 0.122656 0.598958 0.169531 0.697917 0.213281 0.743750 0.161719