0 0.333333 0.446094 0.236458 0.451562 0.229167 0.547656 0.331250 0.540625
0 0.458333 0.439063 0.364583 0.440625 0.367708 0.536719 0.465625 0.530469
0 0.575000 0.433594 0.484375 0.438281 0.491667 0.530469 0.591667 0.525000
0 0.683333 0.434375 0.590625 0.439063 0.611458 0.531250 0.709375 0.525000
0 0.332292 0.342969 0.244792 0.348438 0.247917 0.425781 0.340625 0.416406
0 0.435417 0.335938 0.352083 0.342187 0.362500 0.419531 0.452083 0.410938
0 0.480208 0.332813 0.483333 0.405469 0.571875 0.405469 0.564583 0.332813
0 0.664583 0.331250 0.582292 0.333594 0.594792 0.407813 0.685417 0.403906
0 0.328125 0.243750 0.250000 0.247656 0.247917 0.310156 0.332292 0.303125
0 0.436458 0.238281 0.359375 0.243750 0.366667 0.303125 0.448958 0.294531
0 0.478125 0.237500 0.481250 0.297656 0.562500 0.295312 0.554167 0.236719
0 0.576042 0.235156 0.583333 0.298438 0.664583 0.295312 0.652083 0.234375