0 0.341667 0.542188 0.226042 0.548438 0.235417 0.687500 0.348958 0.678906
0 0.489583 0.528906 0.379167 0.535156 0.389583 0.674219 0.503125 0.667188
0 0.770833 0.523438 0.657292 0.532031 0.678125 0.670312 0.793750 0.662500
0 0.638542 0.524219 0.525000 0.530469 0.535417 0.667969 0.652083 0.664062
0 0.325000 0.368750 0.213542 0.380469 0.234375 0.510156 0.345833 0.496875
0 0.459375 0.357812 0.352083 0.369531 0.376042 0.500000 0.485417 0.486719
0 0.630208 0.349219 0.519792 0.351562 0.525000 0.482031 0.637500 0.479687
0 0.766667 0.347656 0.656250 0.351562 0.666667 0.482812 0.781250 0.478906
0 0.305208 0.179688 0.197917 0.187500 0.211458 0.311719 0.318750 0.301563
0 0.455208 0.167187 0.350000 0.178125 0.368750 0.300000 0.477083 0.285938
0 0.519792 0.165625 0.519792 0.289062 0.631250 0.288281 0.627083 0.167187
0 0.765625 0.161719 0.656250 0.164062 0.661458 0.289844 0.772917 0.287500