0 0.576042 0.564844 0.513542 0.622656 0.559375 0.651563 0.617708 0.591406
0 0.517708 0.527344 0.453125 0.584375 0.494792 0.615625 0.561458 0.557031
0 0.657292 0.495312 0.592708 0.549219 0.633333 0.578906 0.696875 0.525000
0 0.458333 0.481250 0.392708 0.539844 0.438542 0.570312 0.503125 0.513281
0 0.596875 0.458594 0.529167 0.513281 0.571875 0.545312 0.637500 0.489844
0 0.393750 0.446094 0.323958 0.505469 0.371875 0.537500 0.440625 0.478906
0 0.723958 0.426563 0.665625 0.484375 0.707292 0.512500 0.766667 0.455469
0 0.532292 0.415625 0.466667 0.473438 0.511458 0.504687 0.576042 0.448437
0 0.314583 0.401562 0.244792 0.463281 0.298958 0.496875 0.365625 0.436719
0 0.681250 0.389844 0.610417 0.442188 0.648958 0.475781 0.717708 0.424219
0 0.469792 0.374219 0.403125 0.434375 0.450000 0.465625 0.515625 0.404687
0 0.615625 0.348438 0.545833 0.403125 0.586458 0.436719 0.655208 0.380469
0 0.397917 0.324219 0.326042 0.384375 0.375000 0.419531 0.445833 0.361719
0 0.548958 0.303125 0.482292 0.360938 0.528125 0.396094 0.593750 0.337500
0 0.470833 0.253125 0.404167 0.314844 0.454167 0.350000 0.519792 0.288281