0 0.620313 0.686458 0.619531 0.775000 0.725000 0.780208 0.724219 0.691667
0 0.497656 0.669792 0.493750 0.758333 0.596094 0.769792 0.599219 0.681250
0 0.368750 0.661458 0.363281 0.750000 0.464844 0.757292 0.469531 0.669792
0 0.625000 0.575000 0.625781 0.659375 0.728125 0.664583 0.727344 0.581250
0 0.500000 0.555208 0.498437 0.637500 0.599219 0.642708 0.599219 0.558333
0 0.377344 0.556250 0.372656 0.638542 0.471875 0.644792 0.475000 0.561458
0 0.628125 0.467708 0.630469 0.546875 0.731250 0.546875 0.728125 0.466667
0 0.508594 0.457292 0.508594 0.537500 0.605469 0.540625 0.604688 0.458333
0 0.392188 0.441667 0.389062 0.518750 0.485938 0.525000 0.488281 0.444792
0 0.509375 0.364583 0.507812 0.440625 0.603125 0.446875 0.604688 0.368750
0 0.638281 0.363542 0.638281 0.438542 0.738281 0.440625 0.735156 0.361458
0 0.401562 0.348958 0.399219 0.425000 0.493750 0.431250 0.496094 0.352083
0 0.519531 0.258333 0.515625 0.332292 0.607812 0.344792 0.613281 0.268750
0 0.638281 0.256250 0.637500 0.331250 0.734375 0.334375 0.732031 0.258333
0 0.406250 0.239583 0.402344 0.312500 0.496094 0.319792 0.498437 0.243750