0 0.364063 0.653125 0.291406 0.660417 0.278125 0.790625 0.357812 0.779167
0 0.457813 0.641667 0.387500 0.645833 0.383594 0.775000 0.461719 0.766667
0 0.897656 0.648958 0.966406 0.603125 1.026563 0.766667 0.958594 0.811458
0 0.559375 0.641667 0.576562 0.767708 0.654687 0.759375 0.629687 0.638542
0 0.547656 0.636458 0.478906 0.642708 0.484375 0.767708 0.561719 0.758333
0 0.369531 0.523958 0.307031 0.531250 0.302344 0.627083 0.371875 0.613542
0 0.446094 0.516667 0.384375 0.523958 0.388281 0.618750 0.454688 0.606250
0 0.550781 0.513542 0.562500 0.603125 0.628906 0.597917 0.610938 0.510417
0 0.536719 0.510417 0.476562 0.513542 0.478906 0.600000 0.545312 0.597917
0 0.373437 0.411458 0.317969 0.414583 0.311719 0.485417 0.371875 0.480208
0 0.448437 0.405208 0.395313 0.410417 0.397656 0.478125 0.455469 0.466667
0 0.476562 0.406250 0.478125 0.470833 0.535937 0.467708 0.529687 0.403125
0 0.545312 0.401042 0.550000 0.470833 0.608594 0.468750 0.599219 0.400000