0 0.552083 0.521094 0.556250 0.610938 0.635417 0.611719 0.627083 0.521094
0 0.360417 0.520312 0.350000 0.608594 0.431250 0.610938 0.435417 0.521875
0 0.455208 0.519531 0.451042 0.607031 0.530208 0.610156 0.529167 0.520312
0 0.645833 0.519531 0.657292 0.610938 0.736458 0.610156 0.723958 0.521094
0 0.741667 0.517188 0.752083 0.607031 0.833333 0.610156 0.818750 0.518750
0 0.357292 0.426563 0.351042 0.506250 0.427083 0.507031 0.430208 0.427344
0 0.523958 0.425781 0.451042 0.427344 0.455208 0.507031 0.530208 0.504687
0 0.546875 0.425000 0.550000 0.504687 0.623958 0.505469 0.619792 0.427344
0 0.641667 0.423438 0.642708 0.502344 0.719792 0.506250 0.715625 0.427344
0 0.731250 0.422656 0.737500 0.502344 0.815625 0.506250 0.803125 0.424219
0 0.357292 0.342969 0.352083 0.415625 0.426042 0.416406 0.429167 0.345313
0 0.448958 0.342969 0.451042 0.415625 0.523958 0.414844 0.517708 0.342187
0 0.716667 0.340625 0.725000 0.411719 0.800000 0.415625 0.790625 0.342969
0 0.540625 0.340625 0.545833 0.413281 0.618750 0.412500 0.611458 0.340625
0 0.634375 0.335156 0.637500 0.407813 0.711458 0.409375 0.705208 0.337500