0 0.575781 0.529167 0.504687 0.603125 0.536719 0.663542 0.608594 0.588542
0 0.528906 0.457292 0.464062 0.532292 0.493750 0.588542 0.561719 0.514583
0 0.665625 0.422917 0.590625 0.502083 0.626563 0.560417 0.703125 0.481250
0 0.486719 0.378125 0.424219 0.451042 0.452344 0.503125 0.517188 0.428125
0 0.607812 0.348958 0.540625 0.430208 0.575781 0.483333 0.644531 0.401042
0 0.753906 0.319792 0.679688 0.406250 0.720313 0.461458 0.796094 0.375000
0 0.451562 0.317708 0.390625 0.390625 0.419531 0.440625 0.480469 0.364583
0 0.567187 0.285417 0.502344 0.368750 0.535937 0.415625 0.601562 0.333333
0 0.703906 0.251042 0.631250 0.333333 0.666406 0.385417 0.741406 0.302083
0 0.525000 0.233333 0.462500 0.309375 0.490625 0.358333 0.556250 0.282292
0 0.650000 0.183333 0.582812 0.266667 0.618750 0.314583 0.686719 0.228125
0 0.604688 0.116667 0.542188 0.196875 0.575781 0.243750 0.640625 0.162500