0 0.487500 0.564063 0.302083 0.578906 0.310417 0.669531 0.497917 0.652344
0 0.710417 0.544531 0.540625 0.584375 0.578125 0.670312 0.746875 0.626563
0 0.918750 0.525000 0.751042 0.553125 0.782292 0.636719 0.945833 0.603125
0 0.423958 0.401562 0.243750 0.417187 0.253125 0.498437 0.437500 0.482031
0 0.653125 0.385937 0.483333 0.400000 0.493750 0.478906 0.665625 0.467187
0 0.692708 0.363281 0.696875 0.439844 0.865625 0.440625 0.856250 0.363281
0 0.401042 0.292969 0.222917 0.306250 0.235417 0.386719 0.415625 0.372656
0 0.623958 0.286719 0.457292 0.293750 0.465625 0.372656 0.632292 0.366406
0 0.817708 0.269531 0.658333 0.275781 0.669792 0.353125 0.833333 0.342187
0 0.385417 0.200781 0.210417 0.215625 0.223958 0.293750 0.397917 0.278125
0 0.586458 0.185156 0.418750 0.192188 0.430208 0.267969 0.598958 0.259375
0 0.765625 0.173437 0.608333 0.177344 0.616667 0.250781 0.778125 0.245312