0 0.681250 0.561719 0.643750 0.661719 0.728125 0.681250 0.760417 0.581250
0 0.576042 0.541406 0.541667 0.639844 0.623958 0.658594 0.656250 0.559375
0 0.473958 0.521094 0.436458 0.618750 0.518750 0.636719 0.555208 0.539844
0 0.372917 0.496094 0.328125 0.592187 0.411458 0.610938 0.451042 0.514844
0 0.269792 0.475000 0.220833 0.569531 0.303125 0.589844 0.350000 0.493750
0 0.717708 0.453906 0.682292 0.545312 0.763542 0.565625 0.796875 0.474219
0 0.617708 0.433594 0.581250 0.522656 0.661458 0.542969 0.696875 0.453125
0 0.513542 0.411719 0.481250 0.502344 0.560417 0.518750 0.592708 0.427344
0 0.414583 0.389844 0.377083 0.479687 0.455208 0.497656 0.490625 0.406250
0 0.309375 0.367188 0.266667 0.457031 0.347917 0.475000 0.387500 0.385156
0 0.751042 0.353906 0.717708 0.439844 0.795833 0.459375 0.827083 0.372656
0 0.660417 0.327344 0.623958 0.413281 0.701042 0.432031 0.734375 0.345313
0 0.552083 0.310937 0.520833 0.396875 0.600000 0.413281 0.628125 0.325781
0 0.447917 0.291406 0.417708 0.377344 0.495833 0.392969 0.525000 0.305469
0 0.348958 0.268750 0.308333 0.353906 0.387500 0.371875 0.423958 0.286719