0 0.498958 0.667969 0.405208 0.720313 0.514583 0.845313 0.613542 0.782031
0 0.167708 0.655469 0.141667 0.738281 0.323958 0.745313 0.340625 0.658594
0 0.837500 0.631250 0.654167 0.632812 0.661458 0.715625 0.854167 0.716406
0 0.208333 0.545312 0.181250 0.614062 0.347917 0.626563 0.368750 0.553125
0 0.598958 0.540625 0.436458 0.540625 0.427083 0.613281 0.600000 0.614844
0 0.648958 0.539062 0.657292 0.614844 0.833333 0.613281 0.817708 0.539062
0 0.242708 0.460938 0.228125 0.523438 0.385417 0.522656 0.394792 0.460156
0 0.452083 0.457031 0.446875 0.520312 0.607292 0.520312 0.604167 0.455469
0 0.796875 0.453906 0.638542 0.454688 0.639583 0.519531 0.806250 0.520312
0 0.464583 0.377344 0.457292 0.432031 0.607292 0.435156 0.610417 0.378906
0 0.790625 0.378125 0.639583 0.376563 0.639583 0.431250 0.794792 0.432812
0 0.293750 0.375000 0.271875 0.429688 0.415625 0.440625 0.434375 0.384375