0 0.090625 0.874219 0.000000 0.875000 0.000000 0.999219 0.078125 0.999219
0 0.171875 0.520312 0.113542 0.565625 0.186458 0.625000 0.253125 0.579688
0 0.485417 0.519531 0.452083 0.571875 0.567708 0.610156 0.598958 0.553125
0 0.697917 0.430469 0.626042 0.450781 0.676042 0.534375 0.748958 0.514062
0 0.352083 0.428125 0.313542 0.475781 0.419792 0.517188 0.459375 0.470313
0 0.511458 0.357812 0.462500 0.396094 0.544792 0.455469 0.595833 0.414844
0 0.846875 0.344531 0.779167 0.364063 0.832292 0.445312 0.904167 0.423438
0 0.286458 0.339062 0.219792 0.357031 0.266667 0.432031 0.336458 0.410938
0 0.379167 0.290625 0.330208 0.327344 0.403125 0.379688 0.454167 0.341406
0 0.660417 0.268750 0.607292 0.303906 0.685417 0.363281 0.739583 0.329688
0 0.787500 0.217969 0.721875 0.242969 0.778125 0.317969 0.841667 0.294531
0 0.550000 0.190625 0.522917 0.239844 0.625000 0.271875 0.655208 0.223438
0 0.618750 0.131250 0.579167 0.173437 0.672917 0.210156 0.710417 0.165625