0 0.541667 0.473438 0.495833 0.546875 0.680208 0.602344 0.723958 0.519531
0 0.383333 0.459375 0.271875 0.478125 0.287500 0.605469 0.409375 0.584375
0 0.606250 0.387500 0.559375 0.454688 0.736458 0.504687 0.779167 0.432031
0 0.055208 0.427344 0.104167 0.353125 0.258333 0.410938 0.209375 0.485156
0 0.405208 0.335938 0.355208 0.396094 0.511458 0.439844 0.556250 0.372656
0 0.657292 0.306250 0.613542 0.367969 0.786458 0.410938 0.825000 0.345313
0 0.219792 0.282813 0.156250 0.336719 0.279167 0.386719 0.342708 0.328906
0 0.480208 0.262500 0.432292 0.317969 0.583333 0.358594 0.627083 0.297656
0 0.715625 0.232813 0.683333 0.286719 0.850000 0.321094 0.881250 0.261719
0 0.243750 0.266406 0.375000 0.307031 0.425000 0.251563 0.298958 0.217188
0 0.547917 0.189062 0.502083 0.239844 0.644792 0.278906 0.689583 0.222656
0 0.338542 0.192969 0.458333 0.238281 0.513542 0.189062 0.395833 0.150781