0 0.597917 0.671875 0.584375 0.795312 0.685417 0.807031 0.696875 0.682031
0 0.472917 0.649219 0.452083 0.772656 0.553125 0.782031 0.566667 0.657813
0 0.308333 0.763281 0.335417 0.628906 0.442708 0.641406 0.414583 0.775781
0 0.219792 0.617188 0.184375 0.735938 0.282292 0.747656 0.314583 0.626563
0 0.607292 0.519531 0.589583 0.627344 0.685417 0.640625 0.698958 0.531250
0 0.497917 0.514062 0.478125 0.622656 0.575000 0.632812 0.588542 0.525000
0 0.389583 0.499219 0.363542 0.605469 0.458333 0.617188 0.481250 0.509375
0 0.268750 0.486719 0.227083 0.591406 0.317708 0.607031 0.357292 0.500781
0 0.631250 0.410938 0.617708 0.507812 0.708333 0.517188 0.719792 0.418750
0 0.529167 0.396875 0.510417 0.493750 0.602083 0.503125 0.614583 0.405469
0 0.408333 0.378125 0.383333 0.473438 0.470833 0.482812 0.493750 0.388281
0 0.301042 0.365625 0.269792 0.460156 0.356250 0.471875 0.385417 0.376563