0 0.701562 0.582292 0.705469 0.703125 0.763281 0.707292 0.757812 0.586458
0 0.622656 0.581250 0.625000 0.702083 0.685156 0.705208 0.679688 0.586458
0 0.547656 0.567708 0.548438 0.688542 0.607031 0.690625 0.603125 0.569792
0 0.473438 0.557292 0.466406 0.677083 0.525000 0.683333 0.528125 0.564583
0 0.397656 0.550000 0.390625 0.670833 0.449219 0.673958 0.454688 0.556250
0 0.692969 0.436458 0.689063 0.546875 0.743750 0.556250 0.746875 0.446875
0 0.550000 0.430208 0.549219 0.539583 0.605469 0.542708 0.603125 0.432292
0 0.616406 0.429167 0.614062 0.539583 0.669531 0.544792 0.670312 0.435417
0 0.485156 0.419792 0.480469 0.529167 0.536719 0.533333 0.538281 0.425000
0 0.410938 0.412500 0.400000 0.522917 0.456250 0.530208 0.464844 0.421875
0 0.696875 0.313542 0.697656 0.414583 0.752344 0.420833 0.748437 0.317708
0 0.622656 0.310417 0.621094 0.414583 0.674219 0.418750 0.673438 0.314583
0 0.559375 0.302083 0.555469 0.405208 0.608594 0.410417 0.610156 0.307292
0 0.484375 0.287500 0.478125 0.391667 0.531250 0.396875 0.535156 0.293750
0 0.417187 0.280208 0.408594 0.383333 0.464062 0.389583 0.468750 0.286458