0 0.708333 0.646875 0.696875 0.742969 0.766667 0.746094 0.778125 0.651563
0 0.602083 0.645312 0.592708 0.742188 0.669792 0.745313 0.678125 0.650000
0 0.502083 0.630469 0.489583 0.730469 0.567708 0.733594 0.577083 0.634375
0 0.395833 0.620313 0.376042 0.724219 0.455208 0.728125 0.472917 0.626563
0 0.282292 0.610938 0.263542 0.714844 0.348958 0.720313 0.366667 0.618750
0 0.714583 0.526563 0.694792 0.617969 0.764583 0.628125 0.783333 0.535937
0 0.610417 0.514844 0.594792 0.607031 0.669792 0.616406 0.683333 0.523438
0 0.517708 0.511719 0.505208 0.606250 0.581250 0.612500 0.591667 0.517188
0 0.422917 0.498437 0.406250 0.595313 0.485417 0.603125 0.500000 0.505469
0 0.308333 0.488281 0.284375 0.587500 0.368750 0.597656 0.390625 0.499219
0 0.738542 0.418750 0.723958 0.509375 0.793750 0.517969 0.806250 0.427344
0 0.631250 0.410938 0.617708 0.502344 0.690625 0.510938 0.703125 0.418750
0 0.544792 0.396875 0.528125 0.491406 0.603125 0.499219 0.616667 0.407813
0 0.430208 0.376563 0.412500 0.470313 0.490625 0.482031 0.508333 0.388281
0 0.326042 0.362500 0.306250 0.458594 0.389583 0.471094 0.408333 0.375781