0 0.382292 0.712500 0.330208 0.757031 0.411458 0.821875 0.464583 0.775000
0 0.611458 0.677344 0.538542 0.681250 0.548958 0.775781 0.623958 0.770312
0 0.125000 0.642188 0.056250 0.667969 0.079167 0.742188 0.155208 0.716406
0 0.787500 0.632031 0.713542 0.638281 0.732292 0.727344 0.808333 0.723437
0 0.251042 0.629687 0.317708 0.591406 0.389583 0.660937 0.323958 0.699219
0 0.486458 0.565625 0.422917 0.586719 0.465625 0.663281 0.531250 0.639062
0 0.653125 0.516406 0.592708 0.534375 0.634375 0.610156 0.697917 0.591406
0 0.306250 0.501563 0.237500 0.503906 0.243750 0.582031 0.312500 0.575000
0 0.783333 0.498437 0.716667 0.510156 0.740625 0.589063 0.809375 0.580469
0 0.404167 0.476562 0.346875 0.497656 0.379167 0.560937 0.439583 0.539844
0 0.590625 0.423438 0.546875 0.460156 0.621875 0.510938 0.666667 0.474219
0 0.672917 0.385156 0.625000 0.414062 0.689583 0.466406 0.736458 0.434375
0 0.827083 0.400781 0.857292 0.360156 0.936458 0.394531 0.905208 0.434375