0 0.515625 0.664844 0.429167 0.717969 0.536458 0.832812 0.629167 0.771094
0 0.204167 0.655469 0.181250 0.737500 0.350000 0.742188 0.365625 0.658594
0 0.844792 0.623437 0.665625 0.628125 0.675000 0.708594 0.864583 0.704688
0 0.238542 0.552344 0.214583 0.619531 0.371875 0.627344 0.387500 0.556250
0 0.610417 0.541406 0.454167 0.544531 0.445833 0.613281 0.612500 0.611719
0 0.826042 0.535937 0.659375 0.537500 0.662500 0.607031 0.839583 0.606250
0 0.413542 0.469531 0.270833 0.471094 0.254167 0.530469 0.404167 0.529687
0 0.615625 0.460156 0.469792 0.462500 0.461458 0.522656 0.615625 0.521875
0 0.802083 0.455469 0.646875 0.457813 0.648958 0.518750 0.810417 0.517188
0 0.312500 0.392969 0.295833 0.442969 0.434375 0.446875 0.446875 0.394531
0 0.477083 0.389062 0.470833 0.439844 0.615625 0.439063 0.616667 0.384375
0 0.793750 0.378906 0.645833 0.382812 0.646875 0.434375 0.798958 0.431250