0 0.747917 0.630469 0.747917 0.630469 0.747917 0.630469 0.747917 0.630469
0 0.755208 0.630469 0.755208 0.630469 0.755208 0.629687 0.755208 0.629687
0 0.767708 0.626563 0.767708 0.626563 0.766667 0.626563 0.766667 0.626563
0 0.759375 0.618750 0.759375 0.618750 0.759375 0.618750 0.759375 0.618750
0 0.742708 0.617969 0.760417 0.617969 0.760417 0.628906 0.742708 0.628906
0 0.755208 0.614844 0.755208 0.614844 0.755208 0.614844 0.755208 0.614844
0 0.752083 0.610938 0.752083 0.610938 0.751042 0.610938 0.751042 0.610938
0 0.747917 0.607031 0.747917 0.607031 0.746875 0.607031 0.746875 0.607031
0 0.738542 0.607812 0.738542 0.605469 0.740625 0.605469 0.740625 0.607812
0 0.743750 0.603125 0.743750 0.603125 0.743750 0.603125 0.743750 0.603125
0 0.743750 0.595313 0.743750 0.595313 0.743750 0.595313 0.743750 0.595313
0 0.732292 0.591406 0.732292 0.591406 0.732292 0.591406 0.732292 0.591406
0 0.746875 0.590625 0.746875 0.592187 0.747917 0.592187 0.747917 0.590625
0 0.738542 0.591406 0.739583 0.590625 0.740625 0.591406 0.739583 0.592187
0 0.743750 0.587500 0.743750 0.587500 0.743750 0.587500 0.743750 0.587500
0 0.739583 0.583594 0.739583 0.583594 0.739583 0.583594 0.739583 0.583594
0 0.732292 0.575781 0.732292 0.575781 0.732292 0.575781 0.732292 0.575781
0 0.723958 0.575000 0.722917 0.575781 0.723958 0.576562 0.725000 0.575781
0 0.708333 0.544531 0.708333 0.544531 0.708333 0.543750 0.708333 0.543750
0 0.944792 0.537500 0.816667 0.567969 0.852083 0.632031 0.983333 0.600000
0 0.985417 0.509375 0.987500 0.509375 0.987500 0.510938 0.985417 0.510938
0 0.908333 0.458594 0.781250 0.485938 0.814583 0.545312 0.942708 0.513281
0 0.708333 0.450781 0.708333 0.450781 0.708333 0.450000 0.708333 0.450000
0 0.676042 0.449219 0.679167 0.449219 0.679167 0.452344 0.676042 0.452344
0 0.955208 0.439063 0.955208 0.439063 0.954167 0.439063 0.954167 0.439063
0 0.938542 0.439063 0.943750 0.439063 0.943750 0.440625 0.938542 0.440625
0 0.645833 0.410938 0.645833 0.411719 0.646875 0.411719 0.646875 0.410938
0 0.637500 0.403906 0.638542 0.403125 0.639583 0.403906 0.638542 0.404687
0 0.657292 0.400000 0.657292 0.400000 0.657292 0.400000 0.657292 0.400000
0 0.642708 0.400000 0.642708 0.400000 0.641667 0.400000 0.641667 0.400000
0 0.770833 0.396094 0.770833 0.396094 0.770833 0.396094 0.770833 0.396094
0 0.638542 0.396094 0.638542 0.396094 0.637500 0.396094 0.637500 0.396094
0 0.638542 0.388281 0.638542 0.388281 0.638542 0.388281 0.638542 0.388281
0 0.734375 0.400000 0.870833 0.371094 0.896875 0.439063 0.760417 0.467969
0 0.848958 0.380469 0.848958 0.380469 0.848958 0.380469 0.848958 0.380469
0 0.927083 0.376563 0.927083 0.376563 0.920833 0.376563 0.920833 0.376563
0 0.900000 0.375781 0.915625 0.375781 0.915625 0.377344 0.900000 0.377344
0 0.712500 0.364844 0.712500 0.364844 0.712500 0.364844 0.712500 0.364844
0 0.991667 0.360938 0.991667 0.360938 0.983333 0.360938 0.983333 0.360938
0 0.860417 0.340625 0.862500 0.340625 0.862500 0.342969 0.860417 0.342969
0 0.848958 0.321875 0.848958 0.321875 0.848958 0.321875 0.848958 0.321875
0 0.764583 0.321875 0.764583 0.321875 0.761458 0.321875 0.761458 0.321875
0 0.754167 0.321875 0.755208 0.322656 0.756250 0.321875 0.757292 0.321875
0 0.833333 0.320312 0.833333 0.322656 0.834375 0.321875 0.834375 0.321094
0 0.767708 0.321094 0.770833 0.319531 0.773958 0.321875 0.770833 0.323437
0 0.712500 0.317969 0.712500 0.317969 0.712500 0.317969 0.712500 0.317969
0 0.695833 0.317188 0.697917 0.317188 0.697917 0.318750 0.695833 0.318750
0 0.681250 0.318750 0.681250 0.318750 0.681250 0.316406 0.681250 0.316406
0 0.833333 0.314063 0.833333 0.314063 0.833333 0.314063 0.833333 0.314063
0 0.701042 0.314063 0.700000 0.314063 0.700000 0.315625 0.701042 0.314844
0 0.692708 0.314063 0.692708 0.314063 0.692708 0.314063 0.692708 0.314063
0 0.993750 0.306250 0.993750 0.306250 0.993750 0.306250 0.993750 0.306250
0 0.817708 0.307031 0.817708 0.307031 0.817708 0.305469 0.817708 0.305469
0 0.759375 0.302344 0.759375 0.302344 0.759375 0.302344 0.759375 0.302344
0 0.712500 0.302344 0.712500 0.302344 0.712500 0.302344 0.712500 0.302344
0 0.979167 0.298438 0.982292 0.298438 0.982292 0.303125 0.979167 0.303125
0 0.779167 0.298438 0.779167 0.298438 0.778125 0.298438 0.778125 0.298438
0 0.716667 0.298438 0.716667 0.298438 0.715625 0.298438 0.715625 0.298438
0 0.793750 0.298438 0.794792 0.297656 0.794792 0.297656 0.793750 0.298438
0 0.760417 0.296094 0.764583 0.296094 0.764583 0.301563 0.760417 0.301563
0 0.698958 0.296094 0.701042 0.296094 0.701042 0.299219 0.698958 0.299219
0 0.730208 0.290625 0.732292 0.290625 0.732292 0.299219 0.730208 0.299219
0 0.958333 0.290625 0.958333 0.290625 0.958333 0.289844 0.958333 0.289844
0 0.916667 0.290625 0.919792 0.289062 0.921875 0.290625 0.919792 0.292969
0 0.833333 0.290625 0.833333 0.290625 0.833333 0.289844 0.833333 0.289844
0 0.800000 0.292969 0.801042 0.289062 0.803125 0.289844 0.802083 0.292969
0 0.903125 0.289062 0.905208 0.289062 0.905208 0.292969 0.903125 0.292969
0 0.736458 0.293750 0.738542 0.288281 0.741667 0.289062 0.739583 0.294531
0 0.698958 0.328125 0.973958 0.272656 1.000000 0.344531 0.723958 0.399219
0 0.885417 0.288281 0.887500 0.287500 0.890625 0.290625 0.888542 0.291406
0 0.972917 0.291406 0.972917 0.285938 0.975000 0.285938 0.975000 0.291406
0 0.902083 0.280469 0.905208 0.280469 0.905208 0.285156 0.902083 0.285156
0 0.634375 0.278906 0.712500 0.278125 0.716667 0.531250 0.638542 0.532031
0 0.947917 0.273438 0.950000 0.272656 0.952083 0.275781 0.950000 0.276562
0 0.939583 0.275000 0.942708 0.272656 0.945833 0.275000 0.942708 0.277344
0 0.682292 0.222656 0.998958 0.222656 0.998958 0.305469 0.682292 0.305469