0 0.531250 0.630469 0.451042 0.682031 0.552083 0.783594 0.633333 0.730469
0 0.638542 0.573438 0.563542 0.620313 0.663542 0.721094 0.739583 0.672656
0 0.742708 0.515625 0.672917 0.564063 0.776042 0.657031 0.846875 0.607031
0 0.421875 0.507812 0.338542 0.553125 0.431250 0.655469 0.514583 0.606250
0 0.850000 0.466406 0.782292 0.511719 0.880208 0.604688 0.948958 0.555469
0 0.528125 0.446875 0.453125 0.490625 0.553125 0.586719 0.628125 0.539062
0 0.872917 0.446094 0.947917 0.402344 1.046875 0.499219 0.971875 0.542188
0 0.626042 0.399219 0.554167 0.443750 0.654167 0.535937 0.727083 0.489063
0 0.297917 0.382812 0.212500 0.428906 0.310417 0.525781 0.393750 0.482031
0 0.714583 0.346875 0.643750 0.388281 0.736458 0.481250 0.810417 0.437500
0 0.403125 0.332031 0.322917 0.372656 0.418750 0.470313 0.497917 0.427344
0 0.821875 0.296875 0.753125 0.334375 0.839583 0.427344 0.909375 0.387500
0 0.523958 0.280469 0.448958 0.321875 0.545833 0.415625 0.619792 0.371875
0 0.618750 0.237500 0.546875 0.277344 0.642708 0.368750 0.713542 0.325781
0 0.720833 0.182031 0.653125 0.217969 0.747917 0.308594 0.815625 0.268750