0 0.768750 0.575000 0.576042 0.607031 0.630208 0.698438 0.833333 0.655469
0 0.581250 0.579688 0.529167 0.510938 0.342708 0.525000 0.383333 0.604688
0 0.775000 0.497656 0.775000 0.497656 0.775000 0.497656 0.775000 0.497656
0 0.838542 0.474219 0.751042 0.541406 0.872917 0.663281 0.976042 0.592969
0 0.655208 0.450781 0.552083 0.474219 0.636458 0.582031 0.746875 0.549219
0 0.084375 0.446094 0.106250 0.571094 0.265625 0.560156 0.228125 0.446094
0 0.282292 0.403906 0.326042 0.504687 0.446875 0.500781 0.394792 0.405469
0 0.647917 0.435156 0.603125 0.386719 0.446875 0.407813 0.485417 0.464062
0 0.794792 0.346875 0.687500 0.454688 0.741667 0.518750 0.864583 0.409375
0 0.272917 0.340625 0.304167 0.389062 0.465625 0.388281 0.430208 0.339844
0 0.537500 0.309375 0.448958 0.325781 0.500000 0.396875 0.597917 0.376563
0 0.723958 0.282031 0.634375 0.386719 0.677083 0.440625 0.780208 0.336719
0 0.614583 0.250781 0.556250 0.310156 0.619792 0.378906 0.682292 0.313281