0 0.418750 0.669531 0.415625 0.749219 0.583333 0.750000 0.583333 0.671875
0 0.203125 0.662500 0.196875 0.743750 0.364583 0.750000 0.370833 0.669531
0 0.642708 0.646875 0.600000 0.719531 0.751042 0.769531 0.791667 0.696875
0 0.621875 0.551562 0.622917 0.630469 0.788542 0.629687 0.787500 0.550781
0 0.551042 0.530469 0.384375 0.535937 0.387500 0.614062 0.555208 0.607812
0 0.337500 0.525000 0.169792 0.546875 0.186458 0.625000 0.355208 0.601562
0 0.805208 0.415625 0.636458 0.423438 0.641667 0.502344 0.808333 0.493750
0 0.546875 0.403125 0.379167 0.405469 0.380208 0.485156 0.546875 0.482812
0 0.177083 0.400000 0.175000 0.478906 0.347917 0.483594 0.347917 0.403906
0 0.269792 0.282813 0.262500 0.364063 0.431250 0.375781 0.439583 0.293750
0 0.575000 0.279687 0.576042 0.360156 0.744792 0.360156 0.746875 0.279687