0 0.453125 0.632031 0.333333 0.693750 0.502083 0.825000 0.628125 0.739844
0 0.497917 0.607031 0.688542 0.700781 0.772917 0.631250 0.591667 0.556250
0 0.291667 0.539844 0.169792 0.583594 0.279167 0.678906 0.406250 0.619531
0 0.628125 0.528125 0.807292 0.599219 0.880208 0.545312 0.700000 0.488281
0 0.325000 0.516406 0.453125 0.589063 0.547917 0.540625 0.419792 0.480469
0 0.170833 0.467187 0.057292 0.500781 0.137500 0.569531 0.257292 0.525000
0 0.643750 0.444531 0.643750 0.441406 0.646875 0.441406 0.646875 0.444531
0 0.734375 0.473438 0.911458 0.532813 0.969792 0.488281 0.798958 0.438281
0 0.460417 0.454688 0.586458 0.510938 0.662500 0.475000 0.537500 0.425781
0 0.216667 0.442969 0.306250 0.496094 0.403125 0.460938 0.308333 0.413281
0 0.544792 0.420312 0.571875 0.371094 0.741667 0.424219 0.714583 0.473438
0 0.342708 0.397656 0.439583 0.442188 0.518750 0.411719 0.419792 0.372656
0 0.441667 0.364844 0.540625 0.403125 0.611458 0.376563 0.508333 0.342187