0 0.617708 0.674219 0.571875 0.805469 0.680208 0.830469 0.719792 0.699219
0 0.491667 0.648438 0.330208 0.689063 0.359375 0.770312 0.523958 0.728125
0 0.627083 0.521094 0.634375 0.641406 0.739583 0.642188 0.726042 0.521875
0 0.359375 0.517188 0.201042 0.552344 0.223958 0.625000 0.385417 0.586719
0 0.530208 0.431250 0.386458 0.469531 0.418750 0.535156 0.564583 0.495312
0 0.858333 0.392188 0.740625 0.453906 0.802083 0.510938 0.920833 0.448437
0 0.263542 0.360938 0.117708 0.402344 0.147917 0.464062 0.295833 0.421094
0 0.670833 0.357812 0.539583 0.407813 0.585417 0.466406 0.717708 0.415625
0 0.451042 0.335156 0.321875 0.385937 0.364583 0.444531 0.496875 0.392969
0 0.640625 0.273438 0.513542 0.321875 0.559375 0.376563 0.685417 0.328906
0 0.404167 0.263281 0.280208 0.317969 0.329167 0.370312 0.452083 0.314063
0 0.548958 0.201563 0.429167 0.247656 0.471875 0.299219 0.594792 0.251563