0 0.518750 0.728125 0.513542 0.789062 0.627083 0.800000 0.634375 0.739844
0 0.388542 0.610156 0.267708 0.634375 0.287500 0.692187 0.404167 0.666406
0 0.582292 0.563281 0.512500 0.630469 0.570833 0.666406 0.636458 0.596875
0 0.520833 0.502344 0.426042 0.540625 0.462500 0.587500 0.555208 0.548438
0 0.611458 0.482812 0.606250 0.532813 0.712500 0.545312 0.718750 0.493750
0 0.386458 0.463281 0.271875 0.480469 0.283333 0.532813 0.398958 0.516406
0 0.063542 0.435156 0.021875 0.482031 0.135417 0.527344 0.171875 0.478125
0 0.552083 0.409375 0.447917 0.423438 0.462500 0.471094 0.566667 0.456250
0 0.261458 0.323437 0.250000 0.376563 0.361458 0.392969 0.372917 0.340625
0 0.558333 0.282813 0.457292 0.309375 0.483333 0.355469 0.580208 0.328125
0 0.431250 0.217969 0.369792 0.224219 0.393750 0.302344 0.457292 0.294531