0 0.654167 0.633594 0.600000 0.732031 0.684375 0.759375 0.738542 0.661719
0 0.485417 0.627344 0.442708 0.728125 0.525000 0.750000 0.566667 0.649219
0 0.360417 0.576562 0.309375 0.669531 0.388542 0.697656 0.439583 0.601562
0 0.282292 0.536719 0.183333 0.605469 0.238542 0.653125 0.337500 0.583594
0 0.580208 0.481250 0.533333 0.579688 0.615625 0.603125 0.663542 0.504687
0 0.746875 0.448437 0.680208 0.544531 0.759375 0.575000 0.828125 0.482031
0 0.446875 0.446094 0.402083 0.543750 0.483333 0.565625 0.527083 0.466406
0 0.305208 0.423438 0.252083 0.517188 0.328125 0.542188 0.382292 0.449219
0 0.648958 0.364844 0.591667 0.459375 0.673958 0.487500 0.733333 0.392188
0 0.493750 0.329688 0.469792 0.432031 0.554167 0.443750 0.581250 0.341406
0 0.376042 0.300000 0.318750 0.393750 0.395833 0.421094 0.454167 0.329688