0 0.330208 0.698438 0.200000 0.760938 0.317708 0.927344 0.450000 0.853906
0 0.484375 0.631250 0.363542 0.683594 0.477083 0.842187 0.604167 0.778906
0 0.614583 0.564063 0.511458 0.614844 0.636458 0.755469 0.746875 0.695312
0 0.194792 0.542188 0.072917 0.599219 0.181250 0.728906 0.306250 0.661719
0 0.762500 0.507031 0.664583 0.553125 0.796875 0.683594 0.900000 0.630469
0 0.352083 0.474219 0.236458 0.516406 0.330208 0.643750 0.448958 0.592187
0 0.497917 0.428125 0.390625 0.466406 0.488542 0.585156 0.597917 0.540625
0 0.067708 0.379688 0.000000 0.396094 0.003125 0.529687 0.130208 0.489844
0 0.637500 0.378125 0.539583 0.411719 0.634375 0.525000 0.741667 0.485938
0 0.236458 0.332813 0.121875 0.360938 0.177083 0.471094 0.296875 0.436719
0 0.371875 0.296094 0.268750 0.329688 0.348958 0.428125 0.453125 0.392188
0 0.528125 0.266406 0.429167 0.289844 0.496875 0.390625 0.603125 0.360938