0 0.702083 0.578906 0.676042 0.693750 0.780208 0.713281 0.800000 0.595313
0 0.536458 0.563281 0.506250 0.680469 0.607292 0.694531 0.629167 0.579688
0 0.344792 0.552344 0.280208 0.660937 0.373958 0.686719 0.434375 0.575781
0 0.248958 0.522656 0.119792 0.595313 0.176042 0.650000 0.306250 0.571875
0 0.907292 0.503125 0.753125 0.505469 0.764583 0.569531 0.922917 0.568750
0 0.379167 0.469531 0.345833 0.526563 0.486458 0.565625 0.516667 0.501563
0 0.545833 0.470313 0.623958 0.428906 0.714583 0.522656 0.635417 0.564844
0 0.205208 0.414844 0.115625 0.439063 0.163542 0.532813 0.254167 0.503125
0 0.825000 0.392188 0.688542 0.413281 0.712500 0.473438 0.853125 0.450000
0 0.446875 0.389062 0.306250 0.403125 0.312500 0.460156 0.458333 0.446875
0 0.601042 0.369531 0.467708 0.393750 0.489583 0.450781 0.627083 0.425781
0 0.413542 0.292969 0.329167 0.297656 0.331250 0.382031 0.419792 0.378906
0 0.734375 0.290625 0.748958 0.375781 0.837500 0.375781 0.819792 0.290625
0 0.236458 0.286719 0.150000 0.296875 0.165625 0.380469 0.256250 0.368750
0 0.507292 0.272656 0.451042 0.349219 0.529167 0.371875 0.583333 0.294531
0 0.670833 0.271875 0.595833 0.290625 0.652083 0.371875 0.730208 0.350000