0 0.146875 0.635938 0.047917 0.672656 0.117708 0.785937 0.217708 0.748437
0 0.284375 0.561719 0.282292 0.636719 0.442708 0.635156 0.442708 0.563281
0 0.591667 0.532031 0.510417 0.563281 0.579167 0.664844 0.659375 0.631250
0 0.350000 0.424219 0.313542 0.485938 0.452083 0.533594 0.485417 0.471875
0 0.094792 0.363281 0.030208 0.417969 0.157292 0.496094 0.226042 0.442969
0 0.537500 0.357031 0.486458 0.407813 0.594792 0.477344 0.647917 0.424219
0 0.710417 0.289062 0.671875 0.343750 0.789583 0.394531 0.830208 0.340625
0 0.319792 0.263281 0.259375 0.313281 0.376042 0.384375 0.434375 0.332813
0 0.759375 0.162500 0.671875 0.232031 0.731250 0.276562 0.816667 0.209375
0 0.536458 0.147656 0.456250 0.176563 0.515625 0.268750 0.597917 0.236719
0 0.142708 0.078125 0.157292 0.189062 0.254167 0.185156 0.239583 0.078906