0 0.379167 0.689844 0.221875 0.702344 0.230208 0.768750 0.384375 0.754687
0 0.442708 0.681250 0.427083 0.750000 0.572917 0.768750 0.590625 0.703125
0 0.685417 0.632031 0.596875 0.661719 0.660417 0.759375 0.751042 0.732812
0 0.889583 0.607812 0.760417 0.676562 0.825000 0.728906 0.958333 0.661719
0 0.425000 0.575781 0.391667 0.639844 0.534375 0.675781 0.568750 0.615625
0 0.243750 0.533594 0.211458 0.644531 0.309375 0.655469 0.346875 0.548438
0 0.639583 0.519531 0.640625 0.587500 0.806250 0.592969 0.810417 0.521875
0 0.581250 0.439844 0.421875 0.476562 0.456250 0.542969 0.610417 0.508594
0 0.142708 0.408594 0.134375 0.488281 0.311458 0.505469 0.325000 0.430469
0 0.762500 0.357031 0.712500 0.482812 0.818750 0.501563 0.873958 0.375781
0 0.685417 0.331250 0.505208 0.334375 0.506250 0.417187 0.679167 0.415625
0 0.366667 0.295312 0.283333 0.349219 0.401042 0.450781 0.482292 0.403906