0 0.571875 0.585938 0.469792 0.653125 0.525000 0.705469 0.629167 0.635938
0 0.486458 0.536719 0.377083 0.595313 0.423958 0.649219 0.535417 0.588281
0 0.670833 0.489844 0.584375 0.559375 0.648958 0.604688 0.733333 0.532813
0 0.372917 0.483594 0.277083 0.553906 0.335417 0.599219 0.430208 0.525781
0 0.594792 0.441406 0.492708 0.497656 0.540625 0.546875 0.642708 0.489844
0 0.216667 0.415625 0.122917 0.485156 0.180208 0.528125 0.276042 0.455469
0 0.760417 0.392188 0.675000 0.460938 0.738542 0.502344 0.820833 0.432812
0 0.443750 0.368750 0.362500 0.439063 0.422917 0.477344 0.505208 0.407813
0 0.622917 0.329688 0.545833 0.400000 0.606250 0.436719 0.686458 0.364844
0 0.308333 0.314063 0.227083 0.384375 0.290625 0.421094 0.368750 0.349219
0 0.489583 0.268750 0.434375 0.347656 0.505208 0.373437 0.559375 0.293750
0 0.359375 0.221094 0.315625 0.302344 0.388542 0.321094 0.433333 0.239844