0 0.661458 0.587500 0.590625 0.690625 0.677083 0.728125 0.750000 0.621875
0 0.552083 0.546094 0.484375 0.650000 0.571875 0.683594 0.639583 0.579688
0 0.448958 0.505469 0.377083 0.607031 0.462500 0.640625 0.531250 0.538281
0 0.746875 0.468750 0.673958 0.569531 0.759375 0.605469 0.834375 0.505469
0 0.340625 0.460938 0.267708 0.560156 0.352083 0.594531 0.422917 0.492969
0 0.640625 0.428125 0.565625 0.525000 0.652083 0.561719 0.723958 0.461719
0 0.239583 0.419531 0.161458 0.517188 0.245833 0.553125 0.319792 0.453906
0 0.529167 0.385937 0.461458 0.486719 0.544792 0.517188 0.611458 0.417187
0 0.825000 0.354687 0.754167 0.454688 0.840625 0.488281 0.910417 0.388281
0 0.418750 0.345313 0.354167 0.445312 0.435417 0.476562 0.503125 0.376563
0 0.723958 0.308594 0.654167 0.407813 0.739583 0.439844 0.810417 0.341406
0 0.311458 0.302344 0.239583 0.400781 0.322917 0.432812 0.392708 0.333594
0 0.606250 0.271094 0.540625 0.368750 0.623958 0.401562 0.691667 0.302344
0 0.492708 0.232031 0.429167 0.333594 0.513542 0.360938 0.576042 0.259375
0 0.386458 0.191406 0.314583 0.286719 0.395833 0.319531 0.466667 0.221875