0 -0.014160 0.868924 0.061035 0.499132 0.192871 0.585069 0.117188 0.953993
0 0.399414 0.532118 0.286621 0.543403 0.234375 0.842014 0.361816 0.837674
0 0.586426 0.496528 0.467773 0.524306 0.478027 0.848090 0.614746 0.817708
0 0.709473 0.462674 0.778320 0.758681 0.909180 0.732639 0.824707 0.440972
0 0.263672 0.267361 0.170898 0.291667 0.128906 0.498264 0.236328 0.475694
0 0.577637 0.260417 0.473633 0.265625 0.465332 0.450521 0.583984 0.447049
0 0.389648 0.243056 0.288574 0.293403 0.302734 0.509549 0.416504 0.450521
0 0.763184 0.173611 0.659180 0.188368 0.677246 0.365451 0.795410 0.351562
0 0.300293 0.076389 0.220215 0.067708 0.162598 0.178819 0.252441 0.192708
0 0.427246 0.055556 0.342773 0.062500 0.318359 0.197917 0.410156 0.193576
0 0.570801 0.026042 0.484375 0.035590 0.474609 0.165799 0.570312 0.159722
0 0.622559 0.000000 0.625488 0.126736 0.722168 0.114583 0.713379 0.000000