0 0.629167 0.592187 0.665625 0.710156 0.763542 0.732031 0.715625 0.619531
0 0.509375 0.565625 0.533333 0.689063 0.650000 0.710938 0.607292 0.593750
0 0.369792 0.539062 0.379167 0.671094 0.513542 0.685937 0.484375 0.560937
0 0.223958 0.510938 0.216667 0.653125 0.364583 0.671875 0.352083 0.536719
0 0.610417 0.459375 0.618750 0.560937 0.702083 0.583594 0.684375 0.485156
0 0.489583 0.441406 0.493750 0.544531 0.592708 0.567187 0.578125 0.462500
0 0.379167 0.415625 0.371875 0.525781 0.482292 0.546875 0.479167 0.439844
0 0.236458 0.373437 0.227083 0.489063 0.352083 0.513281 0.348958 0.404687
0 0.603125 0.371875 0.607292 0.451562 0.685417 0.475000 0.669792 0.396875
0 0.486458 0.342969 0.496875 0.423438 0.579167 0.447656 0.563542 0.367969
0 0.376042 0.310156 0.478125 0.310156 0.478125 0.418750 0.376042 0.418750
0 0.258333 0.263281 0.239583 0.356250 0.348958 0.386719 0.355208 0.298438