0 0.280208 0.661719 0.093750 0.664844 0.087500 0.750781 0.271875 0.743750
0 0.681250 0.626563 0.536458 0.645312 0.546875 0.721094 0.685417 0.699219
0 0.259375 0.517969 0.067708 0.528125 0.076042 0.611719 0.263542 0.599219
0 0.701042 0.501563 0.558333 0.508594 0.562500 0.583594 0.701042 0.575781
0 0.289583 0.493750 0.473958 0.474219 0.511458 0.666406 0.327083 0.685937
0 0.229167 0.378906 0.036458 0.389844 0.051042 0.475000 0.240625 0.460156
0 0.459375 0.368750 0.293750 0.380469 0.304167 0.462500 0.466667 0.449219
0 0.502083 0.341406 0.502083 0.341406 0.502083 0.341406 0.502083 0.341406
0 0.654167 0.325000 0.507292 0.339062 0.519792 0.415625 0.661458 0.400000
0 0.211458 0.271094 0.017708 0.285156 0.041667 0.371875 0.229167 0.353125
0 0.420833 0.255469 0.251042 0.269531 0.269792 0.349219 0.436458 0.334375
0 0.607292 0.232031 0.458333 0.246875 0.477083 0.325781 0.623958 0.309375