0 0.208333 0.631250 0.069792 0.660156 0.114583 0.771875 0.275000 0.728125
0 0.605208 0.672656 0.522917 0.621875 0.344792 0.677344 0.416667 0.740625
0 0.889583 0.676562 0.778125 0.620313 0.609375 0.700781 0.708333 0.774219
0 0.361458 0.560937 0.252083 0.583594 0.319792 0.661719 0.441667 0.630469
0 0.620833 0.539062 0.536458 0.587500 0.663542 0.661719 0.755208 0.603125
0 0.800000 0.505469 0.753125 0.593750 0.931250 0.677344 0.988542 0.575781
0 0.423958 0.528906 0.369792 0.500781 0.228125 0.533594 0.271875 0.567187
0 0.365625 0.489844 0.532292 0.420312 0.614583 0.532813 0.448958 0.601562
0 0.694792 0.407031 0.656250 0.537500 0.735417 0.576562 0.786458 0.436719
0 0.505208 0.384375 0.483333 0.449219 0.560417 0.488281 0.591667 0.415625
0 0.610417 0.374219 0.581250 0.492969 0.642708 0.525781 0.680208 0.400781