0 0.190104 0.581543 0.045139 0.588867 0.005208 0.714844 0.164931 0.708984
0 0.412326 0.569336 0.278646 0.584473 0.256076 0.719238 0.400174 0.708008
0 0.548611 0.559082 0.512153 0.701172 0.675347 0.713867 0.702257 0.566895
0 0.845486 0.553711 0.850694 0.692871 0.999132 0.702637 0.999132 0.554688
0 0.243924 0.460938 0.118056 0.471191 0.081597 0.563965 0.219618 0.552734
0 0.651042 0.425781 0.514757 0.435059 0.493924 0.529785 0.642361 0.524902
0 0.445312 0.420898 0.322917 0.438965 0.312500 0.542480 0.442708 0.527344
0 0.925347 0.415527 0.776910 0.424805 0.789931 0.521484 0.953993 0.513184
0 0.282118 0.346680 0.177083 0.353516 0.131076 0.435547 0.245660 0.429199
0 0.385417 0.343750 0.333333 0.404297 0.458333 0.409180 0.500000 0.345215
0 0.684896 0.320801 0.561632 0.328613 0.546875 0.399414 0.677951 0.393066
0 0.900174 0.300293 0.770833 0.309082 0.778646 0.381348 0.921007 0.373047