0 0.589583 0.649219 0.541667 0.778906 0.650000 0.808594 0.695833 0.673438
0 0.463542 0.622656 0.300000 0.663281 0.327083 0.744531 0.494792 0.703125
0 0.701042 0.490625 0.598958 0.496094 0.610417 0.617188 0.717708 0.615625
0 0.330208 0.489844 0.172917 0.525781 0.195833 0.599219 0.356250 0.560937
0 0.509375 0.470313 0.410417 0.484375 0.437500 0.602344 0.538542 0.587500
0 0.231250 0.389062 0.100000 0.456250 0.148958 0.514062 0.285417 0.444531
0 0.843750 0.358594 0.720833 0.422656 0.783333 0.482031 0.908333 0.416406
0 0.650000 0.325781 0.515625 0.376563 0.559375 0.436719 0.697917 0.384375
0 0.427083 0.305469 0.294792 0.357031 0.336458 0.416406 0.470833 0.363281
0 0.620833 0.239844 0.490625 0.289062 0.533333 0.344531 0.666667 0.294531
0 0.379167 0.232813 0.254167 0.289062 0.302083 0.341406 0.427083 0.282813
0 0.528125 0.167969 0.403125 0.217188 0.446875 0.267969 0.573958 0.217188