0 0.388542 0.661719 0.289583 0.673438 0.300000 0.798438 0.403125 0.789844
0 0.522917 0.648438 0.422917 0.657813 0.438542 0.784375 0.541667 0.775781
0 0.653125 0.640625 0.553125 0.649219 0.571875 0.775781 0.676042 0.767969
0 0.771875 0.638281 0.671875 0.646094 0.697917 0.773438 0.802083 0.764844
0 0.372917 0.510156 0.280208 0.521875 0.297917 0.635938 0.394792 0.621875
0 0.489583 0.498437 0.396875 0.512500 0.420833 0.623437 0.516667 0.609375
0 0.634375 0.487500 0.539583 0.492188 0.554167 0.605469 0.650000 0.599219
0 0.752083 0.483594 0.656250 0.489063 0.677083 0.603125 0.777083 0.595313
0 0.355208 0.355469 0.263542 0.363281 0.277083 0.464844 0.368750 0.455469
0 0.478125 0.341406 0.390625 0.352344 0.410417 0.452344 0.500000 0.439063
0 0.618750 0.335156 0.529167 0.341406 0.537500 0.440625 0.632292 0.435937
0 0.737500 0.329688 0.645833 0.334375 0.657292 0.437500 0.753125 0.432031