0 0.684375 0.837500 0.688542 0.837500 0.688542 0.838281 0.684375 0.838281
0 0.692708 0.829688 0.692708 0.829688 0.692708 0.829688 0.692708 0.829688
0 0.583333 0.743750 0.583333 0.743750 0.583333 0.743750 0.583333 0.743750
0 0.622917 0.685937 0.551042 0.811719 0.659375 0.863281 0.715625 0.735156
0 0.515625 0.610156 0.421875 0.715625 0.522917 0.773438 0.604167 0.664844
0 0.708333 0.552344 0.644792 0.636719 0.735417 0.685937 0.787500 0.597656
0 0.407292 0.514062 0.313542 0.607031 0.414583 0.657813 0.495833 0.560156
0 0.610417 0.493750 0.532292 0.564844 0.614583 0.617969 0.686458 0.539844
0 0.310417 0.450000 0.196875 0.528906 0.290625 0.585156 0.394792 0.498437
0 0.505208 0.434375 0.414583 0.497656 0.492708 0.551562 0.577083 0.482031
0 0.413542 0.382031 0.320833 0.445312 0.400000 0.495312 0.488542 0.427344