0 0.551042 0.600781 0.422917 0.631250 0.483333 0.800000 0.623958 0.764062
0 0.279167 0.600781 0.232292 0.768750 0.368750 0.789062 0.411458 0.617969
0 0.647917 0.500781 0.641667 0.656250 0.782292 0.664844 0.779167 0.507812
0 0.263542 0.423438 0.133333 0.538281 0.228125 0.592187 0.358333 0.473438
0 0.497917 0.378125 0.389583 0.410938 0.462500 0.536719 0.580208 0.497656
0 0.755208 0.375781 0.567708 0.415625 0.603125 0.495312 0.797917 0.455469
0 0.645833 0.250781 0.638542 0.323437 0.831250 0.329688 0.833333 0.254688
0 0.496875 0.232813 0.377083 0.325000 0.461458 0.375000 0.580208 0.278906
0 0.336458 0.174219 0.257292 0.275781 0.357292 0.303125 0.432292 0.200000
0 0.509375 0.121875 0.462500 0.220312 0.569792 0.236719 0.612500 0.137500
0 0.728125 0.115625 0.654167 0.208594 0.756250 0.237500 0.829167 0.142187