0 0.895833 0.668945 0.763889 0.677246 0.822049 0.815430 0.964410 0.804688
0 0.329861 0.643066 0.314236 0.790527 0.483507 0.795410 0.485243 0.649902
0 0.532118 0.636230 0.564236 0.775391 0.708333 0.773926 0.670139 0.638184
0 0.064236 0.628906 0.045139 0.782227 0.224826 0.784180 0.228299 0.636719
0 0.806424 0.538574 0.828125 0.636230 0.953993 0.652344 0.923611 0.554688
0 0.573785 0.505859 0.628472 0.608398 0.759549 0.599609 0.696181 0.500488
0 0.482639 0.485840 0.355903 0.500488 0.420139 0.605469 0.552951 0.587891
0 0.134549 0.455078 0.144965 0.575195 0.292535 0.577637 0.267361 0.467773
0 0.775174 0.420410 0.792535 0.502930 0.908854 0.513672 0.883681 0.431152
0 0.570312 0.393555 0.586806 0.470703 0.703993 0.481445 0.679688 0.403809
0 0.351562 0.373535 0.394097 0.452637 0.510417 0.459961 0.460069 0.383301
0 0.230035 0.328125 0.152778 0.400879 0.278646 0.433105 0.345486 0.357910