0 0.468750 0.770996 0.165799 0.773438 0.146701 0.888672 0.455729 0.884277
0 0.591146 0.745605 0.580729 0.853516 0.822049 0.848633 0.826389 0.748047
0 0.999132 0.721680 0.906250 0.736328 0.940104 0.830078 0.999132 0.823730
0 0.493056 0.548828 0.500000 0.646973 0.761285 0.645996 0.743056 0.553711
0 0.999132 0.533691 0.855035 0.540527 0.876736 0.629883 0.999132 0.624023
0 0.134549 0.528320 0.134549 0.632324 0.432292 0.622559 0.426215 0.526367
0 0.719618 0.434570 0.480903 0.431641 0.491319 0.521484 0.733507 0.517090
0 0.806424 0.400879 0.822917 0.484863 0.999132 0.486328 0.999132 0.402344
0 0.388021 0.389160 0.108507 0.394531 0.118924 0.488281 0.403646 0.478027
0 0.707465 0.302734 0.485243 0.305176 0.504340 0.392090 0.730903 0.383301
0 0.960938 0.282715 0.758681 0.281250 0.779514 0.356934 0.981771 0.352539
0 0.149306 0.255371 0.170139 0.348145 0.447917 0.341309 0.421007 0.252930
0 0.220486 0.000000 0.277778 0.079102 0.532986 0.063965 0.493924 0.000000