0 0.652083 0.569531 0.650000 0.653906 0.811458 0.652344 0.813542 0.571094
0 0.407292 0.560156 0.376042 0.643750 0.547917 0.671875 0.576042 0.591406
0 0.645833 0.556250 0.645833 0.556250 0.645833 0.556250 0.645833 0.556250
0 0.341667 0.513281 0.341667 0.513281 0.340625 0.513281 0.340625 0.513281
0 0.297917 0.504687 0.140625 0.591406 0.219792 0.669531 0.370833 0.578125
0 0.547917 0.446875 0.368750 0.453125 0.372917 0.536719 0.550000 0.531250
0 0.516667 0.438281 0.521875 0.438281 0.521875 0.439844 0.516667 0.439844
0 0.762500 0.433594 0.602083 0.462500 0.626042 0.544531 0.784375 0.511719
0 0.530208 0.430469 0.534375 0.429688 0.535417 0.431250 0.531250 0.432031
0 0.543750 0.423438 0.548958 0.420312 0.552083 0.422656 0.547917 0.426563
0 0.561458 0.415625 0.563542 0.413281 0.565625 0.414844 0.563542 0.417187
0 0.570833 0.411719 0.571875 0.410938 0.571875 0.410938 0.570833 0.411719
0 0.573958 0.407031 0.580208 0.404687 0.582292 0.407813 0.576042 0.409375
0 0.809375 0.320312 0.809375 0.325781 0.810417 0.325781 0.810417 0.320312
0 0.185417 0.318750 0.127083 0.396875 0.304167 0.466406 0.358333 0.392188
0 0.776042 0.314063 0.780208 0.314063 0.780208 0.316406 0.776042 0.316406
0 0.754167 0.314063 0.764583 0.314063 0.764583 0.317969 0.754167 0.317969
0 0.738542 0.313281 0.750000 0.313281 0.750000 0.316406 0.738542 0.316406
0 0.621875 0.396094 0.647917 0.300000 0.818750 0.325781 0.792708 0.421094
0 0.623958 0.310156 0.623958 0.310156 0.621875 0.310156 0.621875 0.310156
0 0.556250 0.300000 0.390625 0.352344 0.437500 0.431250 0.596875 0.379688