0 0.625000 0.566406 0.638542 0.688281 0.742708 0.685156 0.723958 0.567187
0 0.587500 0.564063 0.490625 0.567969 0.493750 0.686719 0.596875 0.685156
0 0.361458 0.563281 0.348958 0.685156 0.450000 0.686719 0.458333 0.565625
0 0.746875 0.490625 0.757292 0.602344 0.858333 0.604688 0.843750 0.492969
0 0.703125 0.439063 0.611458 0.443750 0.626042 0.550000 0.725000 0.544531
0 0.359375 0.437500 0.346875 0.545312 0.445833 0.546094 0.450000 0.441406
0 0.576042 0.436719 0.485417 0.439844 0.489583 0.546875 0.585417 0.543750
0 0.723958 0.367188 0.733333 0.470313 0.829167 0.468750 0.814583 0.367188
0 0.572917 0.324219 0.483333 0.328125 0.488542 0.428125 0.582292 0.423438
0 0.380208 0.317969 0.361458 0.419531 0.450000 0.426563 0.466667 0.326562
0 0.614583 0.315625 0.614583 0.418750 0.705208 0.419531 0.703125 0.317969