0 0.170833 0.839844 0.416667 0.839844 0.416667 0.974219 0.170833 0.974219
0 0.661458 0.540625 0.660417 0.656250 0.764583 0.665625 0.758333 0.548438
0 0.528125 0.528125 0.520833 0.642188 0.627083 0.651563 0.627083 0.534375
0 0.343750 0.513281 0.336458 0.632812 0.446875 0.632031 0.443750 0.517188
0 0.650000 0.415625 0.660417 0.516406 0.751042 0.521094 0.735417 0.419531
0 0.531250 0.399219 0.534375 0.497656 0.630208 0.500781 0.619792 0.403906
0 0.380208 0.394531 0.361458 0.496094 0.459375 0.503906 0.470833 0.403906
0 0.662500 0.310937 0.669792 0.398438 0.755208 0.403125 0.743750 0.317188
0 0.543750 0.296094 0.534375 0.385156 0.621875 0.392969 0.625000 0.307031
0 0.376042 0.295312 0.380208 0.385937 0.470833 0.386719 0.461458 0.298438
0 0.531250 0.203125 0.533333 0.278906 0.617708 0.283594 0.610417 0.210938
0 0.641667 0.202344 0.655208 0.278906 0.734375 0.282031 0.715625 0.207813
0 0.384375 0.201563 0.379167 0.279687 0.465625 0.285938 0.465625 0.208594