0 0.701042 0.604688 0.683333 0.710156 0.777083 0.725000 0.792708 0.618750
0 0.527083 0.605469 0.504167 0.708594 0.592708 0.718750 0.607292 0.613281
0 0.415625 0.592969 0.383333 0.692187 0.470833 0.703906 0.493750 0.603125
0 0.318750 0.582031 0.286458 0.680469 0.368750 0.689844 0.395833 0.590625
0 0.719792 0.489063 0.731250 0.580469 0.820833 0.581250 0.805208 0.489063
0 0.559375 0.485156 0.537500 0.572656 0.619792 0.582812 0.636458 0.497656
0 0.459375 0.479687 0.429167 0.564063 0.505208 0.575781 0.533333 0.489844
0 0.356250 0.475781 0.319792 0.560937 0.395833 0.571875 0.425000 0.487500
0 0.348958 0.466406 0.378125 0.383594 0.454167 0.398438 0.425000 0.481250
0 0.733333 0.391406 0.735417 0.471875 0.817708 0.474219 0.811458 0.392188
0 0.579167 0.388281 0.542708 0.460156 0.615625 0.475781 0.648958 0.400000
0 0.481250 0.388281 0.456250 0.461719 0.529167 0.471094 0.548958 0.396875