0 0.506250 0.639062 0.366667 0.653125 0.375000 0.723437 0.516667 0.707812
0 0.415625 0.543750 0.283333 0.583594 0.313542 0.645312 0.444792 0.605469
0 0.819792 0.535156 0.696875 0.567969 0.728125 0.630469 0.851042 0.596094
0 0.589583 0.510938 0.483333 0.571875 0.534375 0.623437 0.640625 0.564063
0 0.380208 0.458594 0.248958 0.493750 0.277083 0.553906 0.409375 0.517188
0 0.746875 0.419531 0.627083 0.454688 0.660417 0.512500 0.779167 0.477344
0 0.444792 0.410938 0.398958 0.460156 0.509375 0.517188 0.556250 0.466406
0 0.294792 0.396875 0.164583 0.426563 0.185417 0.486719 0.318750 0.457813
0 0.654167 0.325781 0.542708 0.368750 0.581250 0.422656 0.693750 0.380469
0 0.440625 0.324219 0.319792 0.363281 0.353125 0.417969 0.473958 0.378906
0 0.600000 0.266406 0.479167 0.290625 0.502083 0.347656 0.623958 0.322656