0 0.350000 0.636719 0.254167 0.673438 0.317708 0.787500 0.416667 0.748437
0 0.736458 0.560156 0.622917 0.633594 0.692708 0.694531 0.807292 0.614844
0 0.259375 0.541406 0.107292 0.578906 0.126042 0.646875 0.284375 0.606250
0 0.529167 0.469531 0.439583 0.482031 0.462500 0.585938 0.556250 0.574219
0 0.895833 0.465625 0.757292 0.493750 0.792708 0.559375 0.934375 0.528906
0 0.662500 0.383594 0.592708 0.415625 0.679167 0.498437 0.752083 0.461719
0 0.257292 0.372656 0.209375 0.466406 0.297917 0.481250 0.341667 0.388281
0 0.133333 0.364063 0.089583 0.458594 0.177083 0.468750 0.217708 0.376563
0 0.725000 0.336719 0.728125 0.392188 0.870833 0.398438 0.863542 0.339844
0 0.526042 0.310156 0.438542 0.379688 0.503125 0.416406 0.591667 0.346094
0 0.534375 0.246094 0.405208 0.262500 0.418750 0.312500 0.551042 0.296094
0 0.322917 0.234375 0.246875 0.305469 0.312500 0.331250 0.388542 0.259375