0 0.611458 0.567969 0.607292 0.621094 0.715625 0.628125 0.722917 0.575000
0 0.419792 0.557813 0.301042 0.562500 0.301042 0.618750 0.422917 0.612500
0 0.579167 0.542969 0.467708 0.542188 0.465625 0.597656 0.577083 0.596875
0 0.631250 0.493750 0.618750 0.546094 0.727083 0.561719 0.737500 0.509375
0 0.470833 0.465625 0.463542 0.519531 0.576042 0.528906 0.583333 0.475781
0 0.290625 0.457813 0.291667 0.513281 0.409375 0.514844 0.412500 0.460938
0 0.647917 0.404687 0.641667 0.459375 0.750000 0.466406 0.755208 0.414062
0 0.486458 0.396094 0.473958 0.450000 0.583333 0.467187 0.596875 0.414844
0 0.291667 0.345313 0.287500 0.401562 0.407292 0.410938 0.412500 0.355469
0 0.648958 0.297656 0.620833 0.345313 0.722917 0.381250 0.748958 0.332813
0 0.454167 0.278125 0.436458 0.333594 0.546875 0.356250 0.563542 0.303125
0 0.388542 0.241406 0.270833 0.262500 0.293750 0.318750 0.409375 0.295312