0 0.150000 0.657813 0.007292 0.690625 0.052083 0.803125 0.216667 0.751563
0 0.547917 0.685156 0.472917 0.635938 0.286458 0.697656 0.357292 0.760156
0 0.823958 0.678125 0.717708 0.625781 0.552083 0.713281 0.650000 0.782813
0 0.304167 0.580469 0.193750 0.607031 0.263542 0.684375 0.386458 0.646094
0 0.563542 0.550000 0.481250 0.600781 0.604167 0.671875 0.693750 0.607812
0 0.368750 0.548438 0.320833 0.518750 0.170833 0.560156 0.216667 0.589844
0 0.733333 0.510938 0.692708 0.600000 0.865625 0.677344 0.912500 0.575000
0 0.308333 0.507031 0.476042 0.436719 0.558333 0.546094 0.390625 0.616406
0 0.626042 0.417969 0.597917 0.546094 0.677083 0.583594 0.714583 0.445312
0 0.445833 0.399219 0.426042 0.463281 0.506250 0.500781 0.529167 0.429688
0 0.544792 0.387500 0.523958 0.503906 0.583333 0.536719 0.611458 0.412500