0 0.515625 0.659180 0.468750 0.807129 0.630208 0.824707 0.668403 0.677246
0 0.063368 0.640137 0.000000 0.786133 0.142361 0.800293 0.210069 0.659180
0 0.312500 0.623047 0.225694 0.756348 0.364583 0.791016 0.449653 0.653320
0 0.780382 0.606445 0.736111 0.749512 0.900174 0.771973 0.942708 0.625488
0 0.973090 0.467285 0.735243 0.481445 0.760417 0.560547 0.999132 0.545898
0 0.559028 0.460938 0.515625 0.587891 0.665799 0.603027 0.703125 0.474121
0 0.255208 0.459961 0.115451 0.477051 0.138889 0.599121 0.283854 0.582520
0 0.341146 0.446777 0.306424 0.571777 0.447917 0.579590 0.476562 0.453125
0 0.314236 0.376953 0.314236 0.376953 0.314236 0.376465 0.314236 0.376465
0 0.651042 0.300293 0.513889 0.312988 0.535590 0.419434 0.679688 0.409180
0 0.178819 0.290039 0.113715 0.397461 0.240451 0.410156 0.300347 0.301270
0 0.356771 0.287598 0.328125 0.393555 0.468750 0.397949 0.488715 0.291992
0 0.875000 0.279297 0.881944 0.279297 0.881944 0.280762 0.875000 0.280762
0 0.867188 0.279297 0.870660 0.279297 0.870660 0.280273 0.867188 0.280273
0 0.756076 0.247070 0.656250 0.298828 0.806424 0.379883 0.913194 0.326172