0 0.618750 0.731250 0.472917 0.749219 0.488542 0.823438 0.636458 0.803125
0 0.275000 0.628125 0.215625 0.684375 0.327083 0.753125 0.384375 0.696875
0 0.431250 0.586719 0.389583 0.646875 0.513542 0.700000 0.555208 0.638281
0 0.654167 0.549219 0.611458 0.650000 0.697917 0.675000 0.740625 0.572656
0 0.851042 0.511719 0.766667 0.532813 0.821875 0.635938 0.908333 0.611719
0 0.290625 0.503906 0.264583 0.567187 0.398958 0.595313 0.423958 0.532813
0 0.514583 0.496875 0.469792 0.553125 0.590625 0.608594 0.633333 0.549219
0 0.177083 0.462500 0.114583 0.557813 0.191667 0.584375 0.256250 0.489063
0 0.721875 0.390625 0.643750 0.418750 0.707292 0.509375 0.786458 0.482031
0 0.466667 0.385937 0.429167 0.442188 0.552083 0.485938 0.587500 0.428906
0 0.347917 0.375000 0.305208 0.471094 0.386458 0.489063 0.429167 0.395313
0 0.518750 0.303125 0.481250 0.357031 0.601042 0.401562 0.638542 0.346875