0 0.000000 0.999219 0.000000 0.675000 0.797917 0.675000 0.797917 0.999219
0 0.541667 0.556250 0.504167 0.630469 0.661458 0.675781 0.696875 0.600781
0 0.397917 0.472656 0.370833 0.597656 0.476042 0.609375 0.501042 0.485938
0 0.555208 0.461719 0.539583 0.538281 0.701042 0.560156 0.713542 0.484375
0 0.728125 0.458594 0.717708 0.579688 0.821875 0.587500 0.828125 0.465625
0 0.666667 0.364844 0.663542 0.439063 0.823958 0.446875 0.825000 0.373437
0 0.438542 0.321094 0.342708 0.351562 0.411458 0.462500 0.507292 0.428125
0 0.681250 0.286719 0.678125 0.357812 0.838542 0.365625 0.836458 0.294531
0 0.548958 0.277344 0.521875 0.392969 0.622917 0.407813 0.647917 0.291406
0 0.532292 0.161719 0.533333 0.160156 0.535417 0.161719 0.533333 0.162500
0 0.523958 0.181250 0.576042 0.129688 0.715625 0.208594 0.664583 0.260156