0 0.456250 0.632031 0.570833 0.630469 0.573958 0.769531 0.459375 0.771094
0 0.655208 0.579688 0.630208 0.657031 0.796875 0.693750 0.819792 0.614062
0 0.198958 0.523438 0.053125 0.585938 0.095833 0.651563 0.243750 0.587500
0 -0.045833 0.532031 0.066667 0.435156 0.141667 0.485156 0.028125 0.582031
0 0.559375 0.420312 0.431250 0.484375 0.485417 0.545312 0.616667 0.478906
0 0.136458 0.420312 0.282292 0.357812 0.446875 0.572656 0.300000 0.635156
0 -0.033333 0.400000 0.080208 0.314063 0.147917 0.364844 0.033333 0.450781
0 0.655208 0.308594 0.554167 0.391406 0.630208 0.436719 0.727083 0.353125
0 0.358333 0.267188 0.228125 0.325000 0.275000 0.379688 0.405208 0.322656
0 0.486458 0.243750 0.432292 0.342187 0.520833 0.365625 0.572917 0.266406
0 0.223958 0.190625 0.114583 0.260937 0.172917 0.305469 0.283333 0.232813