0 0.293750 0.650000 0.268750 0.710938 0.400000 0.739844 0.421875 0.677344
0 0.559375 0.609375 0.481250 0.627344 0.519792 0.727344 0.598958 0.708594
0 0.844792 0.600781 0.744792 0.669531 0.801042 0.716406 0.901042 0.646875
0 0.618750 0.499219 0.590625 0.592187 0.673958 0.609375 0.698958 0.514844
0 0.212500 0.484375 0.205208 0.542188 0.335417 0.544531 0.341667 0.485156
0 0.787500 0.479687 0.766667 0.575000 0.850000 0.589063 0.868750 0.490625
0 0.426042 0.460938 0.421875 0.556250 0.502083 0.558594 0.504167 0.464062
0 0.919792 0.389844 0.832292 0.458594 0.891667 0.500000 0.982292 0.431250
0 0.314583 0.352344 0.239583 0.376563 0.292708 0.462500 0.365625 0.439844
0 0.625000 0.342187 0.546875 0.345313 0.552083 0.436719 0.633333 0.431250
0 0.115625 0.323437 0.033333 0.396094 0.090625 0.426563 0.170833 0.353125
0 0.732292 0.308594 0.660417 0.333594 0.714583 0.419531 0.789583 0.394531
0 0.435417 0.268750 0.403125 0.357031 0.478125 0.370312 0.510417 0.282813
0 0.107292 0.249219 0.084375 0.300781 0.204167 0.328125 0.229167 0.275000
0 0.646875 0.190625 0.570833 0.260156 0.630208 0.298438 0.706250 0.228125
0 0.266667 0.190625 0.248958 0.283594 0.326042 0.290625 0.341667 0.200781