0 0.735417 0.679688 0.630208 0.696875 0.677083 0.838281 0.786458 0.818750
0 0.519792 0.640625 0.429167 0.759375 0.526042 0.804688 0.614583 0.683594
0 0.456250 0.555469 0.335417 0.645312 0.411458 0.707031 0.532292 0.610938
0 0.719792 0.553125 0.719792 0.548438 0.721875 0.548438 0.721875 0.553125
0 0.808333 0.533594 0.648958 0.578906 0.688542 0.656250 0.845833 0.610156
0 0.376042 0.528906 0.377083 0.527344 0.380208 0.528125 0.379167 0.529687
0 0.345833 0.497656 0.345833 0.497656 0.345833 0.497656 0.345833 0.497656
0 0.322917 0.491406 0.169792 0.553125 0.226042 0.622656 0.376042 0.556250
0 0.661458 0.457031 0.512500 0.513281 0.556250 0.581250 0.710417 0.528906
0 0.339583 0.411719 0.321875 0.485938 0.482292 0.508594 0.500000 0.433594
0 0.157292 0.355469 0.075000 0.464062 0.173958 0.501563 0.256250 0.392188
0 0.793750 0.334375 0.712500 0.389844 0.818750 0.482812 0.897917 0.431250
0 0.571875 0.283594 0.477083 0.388281 0.555208 0.433594 0.655208 0.331250
0 0.421875 0.257031 0.293750 0.329688 0.358333 0.394531 0.484375 0.320312
0 0.470833 0.147656 0.392708 0.200781 0.487500 0.297656 0.569792 0.243750