0 0.704688 0.936458 0.704688 0.932292 0.705469 0.932292 0.705469 0.936458
0 0.708594 0.925000 0.708594 0.925000 0.708594 0.922917 0.708594 0.922917
0 0.513281 0.868750 0.513281 0.868750 0.513281 0.866667 0.513281 0.866667
0 0.414062 0.828125 0.415625 0.943750 0.489844 0.943750 0.493750 0.829167
0 0.631250 0.822917 0.619531 0.936458 0.695312 0.938542 0.708594 0.826042
0 0.603125 0.820833 0.526563 0.822917 0.523438 0.939583 0.596875 0.935417
0 0.653906 0.790625 0.653906 0.790625 0.653906 0.790625 0.653906 0.790625
0 0.660156 0.636458 0.642188 0.772917 0.721875 0.778125 0.744531 0.638542
0 0.621875 0.629167 0.536719 0.634375 0.539062 0.772917 0.618750 0.767708
0 0.411719 0.614583 0.413281 0.759375 0.493750 0.761458 0.498437 0.616667
0 0.691406 0.417708 0.673438 0.590625 0.760156 0.590625 0.788281 0.419792
0 0.637500 0.406250 0.540625 0.411458 0.544531 0.587500 0.628125 0.583333
0 0.413281 0.406250 0.412500 0.579167 0.502344 0.586458 0.512500 0.411458