0 0.483507 0.892090 0.657986 0.804688 0.902778 0.959473 0.728299 1.046387
0 0.489583 0.805664 0.138021 0.829102 0.136285 0.983398 0.503472 0.941895
0 0.510417 0.590332 0.205729 0.642090 0.263021 0.767578 0.572917 0.702148
0 0.724826 0.560059 0.620660 0.713379 0.782986 0.767090 0.876736 0.611328
0 0.388021 0.422363 0.123264 0.509277 0.243056 0.609375 0.495660 0.513184
0 0.606771 0.393066 0.463542 0.422852 0.597222 0.576660 0.740451 0.536133
0 0.737847 0.322754 0.716146 0.457520 0.869792 0.484375 0.880208 0.351562
0 0.383681 0.286133 0.143229 0.356934 0.257812 0.451172 0.489583 0.371094
0 0.425347 0.266113 0.557292 0.397461 0.701389 0.369629 0.561632 0.239746
0 0.769965 0.187988 0.612847 0.247559 0.719618 0.323730 0.868056 0.259277
0 0.423611 0.159668 0.171875 0.173828 0.246528 0.270996 0.491319 0.245605
0 0.460938 0.177734 0.491319 0.053711 0.908854 0.086426 0.878472 0.210449
0 0.211806 0.047363 0.236111 0.134766 0.497396 0.152344 0.466146 0.072266