0 0.536719 0.670833 0.434375 0.675000 0.435156 0.912500 0.544531 0.905208
0 0.278906 0.668750 0.169531 0.676042 0.160938 0.916667 0.272656 0.908333
0 0.584375 0.655208 0.579688 0.886458 0.688281 0.896875 0.685937 0.664583
0 0.414844 0.655208 0.308594 0.661458 0.305469 0.897917 0.416406 0.889583
0 0.282813 0.411458 0.179688 0.421875 0.180469 0.635417 0.289062 0.619792
0 0.309375 0.406250 0.297656 0.616667 0.401562 0.619792 0.408594 0.412500
0 0.432031 0.405208 0.419531 0.611458 0.521094 0.620833 0.528125 0.415625
0 0.567969 0.392708 0.570312 0.595833 0.670312 0.598958 0.664062 0.396875
0 0.278125 0.193750 0.179688 0.200000 0.178906 0.392708 0.282813 0.384375
0 0.309375 0.185417 0.302344 0.375000 0.402344 0.378125 0.403906 0.189583
0 0.434375 0.180208 0.438281 0.370833 0.532813 0.368750 0.525781 0.180208
0 0.571875 0.161458 0.575781 0.345833 0.669531 0.348958 0.664062 0.165625