0 0.437500 0.762153 0.274902 0.796007 0.284180 0.985243 0.455078 0.939236
0 0.670410 0.689236 0.673340 0.839410 0.810059 0.892361 0.801758 0.743924
0 0.510742 0.657986 0.504883 0.802951 0.652832 0.852431 0.647949 0.703993
0 0.694824 0.544271 0.694824 0.664062 0.823242 0.725694 0.813477 0.603299
0 0.425293 0.529514 0.278320 0.540799 0.284180 0.692708 0.439453 0.664931
0 0.482422 0.443576 0.481934 0.564236 0.609863 0.606771 0.601074 0.486111
0 0.622070 0.412326 0.630371 0.513889 0.751465 0.538194 0.736816 0.438368
0 0.379883 0.371528 0.241699 0.384549 0.247070 0.500868 0.393555 0.478299
0 0.469238 0.308160 0.468262 0.409722 0.590332 0.438368 0.584473 0.339410
0 0.619141 0.302951 0.625000 0.392361 0.738770 0.414931 0.726074 0.322917
0 0.376465 0.293403 0.346680 0.205729 0.224609 0.248264 0.250488 0.346354
0 0.536621 0.249132 0.498047 0.174479 0.403809 0.212674 0.437500 0.291667
0 0.586426 0.142361 0.580078 0.216146 0.681641 0.275174 0.680176 0.196181