0 0.450781 0.654167 0.339844 0.673958 0.392188 0.910417 0.526563 0.865625
0 0.492188 0.646875 0.587500 0.842708 0.691406 0.796875 0.582812 0.620833
0 0.626563 0.607292 0.735938 0.777083 0.817187 0.739583 0.701562 0.589583
0 0.734375 0.587500 0.850781 0.739583 0.917969 0.708333 0.800000 0.569792
0 0.283594 0.490625 0.310937 0.638542 0.424219 0.621875 0.385156 0.484375
0 0.415625 0.472917 0.470313 0.604167 0.564063 0.585417 0.500000 0.466667
0 0.538281 0.452083 0.603125 0.568750 0.680469 0.556250 0.608594 0.448958
0 0.622656 0.439583 0.690625 0.542708 0.760938 0.533333 0.685937 0.434375
0 0.251563 0.358333 0.271094 0.460417 0.368750 0.451042 0.338281 0.359375
0 0.382031 0.350000 0.415625 0.441667 0.497656 0.437500 0.456250 0.352083
0 0.484375 0.345833 0.532031 0.431250 0.600000 0.427083 0.548438 0.345833
0 0.568750 0.344792 0.624219 0.426042 0.685937 0.419792 0.625781 0.343750