0 0.623437 0.701042 0.584375 0.691667 0.549219 0.790625 0.591406 0.796875
0 0.778125 0.608333 0.733594 0.605208 0.700781 0.716667 0.743750 0.720833
0 0.526563 0.596875 0.456250 0.680208 0.485156 0.727083 0.551562 0.645833
0 0.708594 0.536458 0.642969 0.640625 0.680469 0.681250 0.742969 0.576042
0 0.439844 0.510417 0.382031 0.542708 0.408594 0.656250 0.463281 0.623958
0 0.664062 0.460417 0.591406 0.573958 0.632031 0.614583 0.700781 0.506250
0 0.816406 0.442708 0.764062 0.448958 0.743750 0.571875 0.792188 0.563542
0 0.890625 0.434375 0.892188 0.433333 0.892969 0.434375 0.892188 0.436458
0 0.808594 0.537500 0.866406 0.418750 0.905469 0.453125 0.848437 0.571875
0 0.552344 0.328125 0.459375 0.378125 0.480469 0.456250 0.567969 0.404167
0 0.760156 0.302083 0.697656 0.432292 0.738281 0.466667 0.801562 0.344792
0 0.884375 0.294792 0.835938 0.287500 0.800781 0.423958 0.849219 0.428125