0 0.455208 0.587500 0.396875 0.661719 0.513542 0.716406 0.564583 0.647656
0 0.559375 0.501563 0.496875 0.560937 0.584375 0.635938 0.641667 0.578906
0 0.271875 0.487500 0.213542 0.571094 0.371875 0.628906 0.420833 0.552344
0 0.666667 0.414844 0.620833 0.471875 0.705208 0.542188 0.746875 0.487500
0 0.418750 0.374219 0.352083 0.439844 0.470833 0.525781 0.531250 0.462500
0 -0.013542 0.386719 0.106250 0.321875 0.241667 0.465625 0.120833 0.529687
0 0.762500 0.327344 0.697917 0.384375 0.786458 0.451562 0.847917 0.399219
0 0.543750 0.284375 0.485417 0.339844 0.582292 0.433594 0.637500 0.380469
0 0.275000 0.235156 0.176042 0.286719 0.294792 0.417187 0.385417 0.363281
0 0.672917 0.195312 0.595833 0.251563 0.686458 0.346094 0.760417 0.293750
0 0.366667 0.128125 0.302083 0.200781 0.446875 0.300000 0.505208 0.231250
0 0.545833 0.038281 0.446875 0.082812 0.534375 0.218750 0.626042 0.173437