0 0.605208 0.662500 0.596875 0.750781 0.747917 0.757031 0.755208 0.675000
0 0.395833 0.646875 0.369792 0.739844 0.543750 0.762500 0.566667 0.674219
0 0.129167 0.595313 0.104167 0.696875 0.310417 0.713281 0.330208 0.617188
0 0.616667 0.539062 0.611458 0.621875 0.757292 0.632812 0.762500 0.555469
0 0.422917 0.506250 0.417708 0.595313 0.584375 0.600781 0.586458 0.517188
0 0.195833 0.427344 0.161458 0.517188 0.356250 0.554688 0.385417 0.470313
0 0.756250 0.387500 0.766667 0.387500 0.766667 0.389062 0.756250 0.389062
0 0.652083 0.357812 0.621875 0.425781 0.756250 0.474219 0.781250 0.407813
0 0.456250 0.324219 0.432292 0.400781 0.590625 0.437500 0.608333 0.364844
0 0.658333 0.276562 0.638542 0.344531 0.770833 0.382812 0.786458 0.317188
0 0.221875 0.258594 0.193750 0.337500 0.381250 0.380469 0.400000 0.303906
0 0.482292 0.224219 0.455208 0.295312 0.606250 0.342187 0.622917 0.272656
0 0.658333 0.178906 0.638542 0.243750 0.768750 0.285938 0.783333 0.221094
0 0.262500 0.149219 0.235417 0.229687 0.411458 0.275781 0.432292 0.200781
0 0.493750 0.125000 0.471875 0.192969 0.620833 0.241406 0.638542 0.175781
0 0.295833 0.067187 0.273958 0.141406 0.443750 0.188281 0.462500 0.119531