0 0.717708 0.701562 0.572917 0.786719 0.645833 0.868750 0.797917 0.776563
0 0.364583 0.553125 0.305208 0.657813 0.387500 0.679688 0.444792 0.569531
0 0.758333 0.546875 0.748958 0.669531 0.869792 0.677344 0.870833 0.548438
0 0.195833 0.521875 0.155208 0.621875 0.232292 0.628125 0.272917 0.525000
0 0.471875 0.672656 0.538542 0.428125 0.678125 0.449219 0.611458 0.693750
0 0.379167 0.433594 0.300000 0.446875 0.305208 0.538281 0.388542 0.523438
0 0.502083 0.389844 0.421875 0.400781 0.422917 0.489844 0.508333 0.478125
0 0.257292 0.389062 0.182292 0.400000 0.173958 0.482812 0.252083 0.471875
0 0.756250 0.370312 0.689583 0.457031 0.779167 0.481250 0.848958 0.392188
0 0.372917 0.339062 0.297917 0.350000 0.297917 0.429688 0.378125 0.415625
0 0.592708 0.318750 0.558333 0.404687 0.643750 0.408594 0.673958 0.321875