0 0.741211 0.993056 0.999512 0.999132 0.999512 0.940972 0.770996 0.862847
0 0.465820 0.961806 0.515625 0.751736 0.693359 0.885417 0.643555 1.095486
0 0.445801 0.723958 0.321777 0.743056 0.284180 0.907118 0.409668 0.898438
0 0.757812 0.559028 0.751465 0.758681 0.983887 0.796007 0.975098 0.579861
0 0.332520 0.664931 0.451660 0.690972 0.484863 0.544271 0.369141 0.536458
0 0.555664 0.503472 0.510742 0.646701 0.655273 0.709201 0.699219 0.539931
0 0.514648 0.326389 0.401367 0.370660 0.383301 0.482639 0.501953 0.442708
0 0.528320 0.419271 0.657227 0.436632 0.695312 0.305556 0.564453 0.302083
0 0.728027 0.302951 0.710938 0.452257 0.905273 0.482639 0.911621 0.322917
0 0.533691 0.189236 0.431152 0.216146 0.408203 0.317708 0.514648 0.289931
0 0.561035 0.252604 0.685547 0.267361 0.718750 0.145833 0.594727 0.143229
0 0.920898 0.075521 0.754883 0.138021 0.741211 0.247396 0.916016 0.192708