0 0.425347 0.663574 0.389757 0.752441 0.508681 0.772949 0.550347 0.684082
0 0.224826 0.661133 0.216146 0.759766 0.342014 0.762207 0.356771 0.662109
0 0.771701 0.656250 0.774306 0.747559 0.906250 0.751953 0.913194 0.657715
0 0.630208 0.638672 0.570312 0.734863 0.689236 0.754883 0.755208 0.659180
0 0.494792 0.514648 0.361111 0.528320 0.407118 0.636230 0.535590 0.623535
0 0.712674 0.505371 0.572049 0.508789 0.575521 0.622559 0.711806 0.620605
0 0.295139 0.502930 0.167535 0.521484 0.227431 0.631348 0.353299 0.612793
0 0.911458 0.495605 0.772569 0.503418 0.782986 0.620605 0.919271 0.614746
0 0.194444 0.347656 0.077257 0.375488 0.179688 0.489746 0.296007 0.464355
0 0.576389 0.326660 0.556424 0.454590 0.693576 0.461426 0.718750 0.333496
0 0.481771 0.321777 0.340278 0.337402 0.382812 0.462891 0.517361 0.448730
0 0.916667 0.314453 0.766493 0.320801 0.767361 0.449219 0.912326 0.442871