0 0.748958 0.651563 0.577083 0.657813 0.583333 0.743750 0.761458 0.737500
0 0.406250 0.558594 0.266667 0.621094 0.310417 0.687500 0.454167 0.622656
0 0.607292 0.536719 0.466667 0.590625 0.509375 0.661719 0.657292 0.603906
0 0.872917 0.510938 0.704167 0.528125 0.717708 0.603125 0.895833 0.589063
0 0.381250 0.460938 0.235417 0.464062 0.230208 0.532813 0.380208 0.527344
0 0.626042 0.437500 0.472917 0.449219 0.478125 0.517969 0.634375 0.506250
0 0.834375 0.421875 0.675000 0.454688 0.704167 0.523438 0.865625 0.493750
0 0.475000 0.356250 0.345833 0.411719 0.386458 0.466406 0.519792 0.411719
0 0.764583 0.339844 0.616667 0.376563 0.646875 0.442188 0.797917 0.405469
0 0.220833 0.326562 0.191667 0.388281 0.327083 0.411719 0.354167 0.348438
0 0.653125 0.269531 0.526042 0.325781 0.571875 0.378906 0.701042 0.321875
0 0.516667 0.236719 0.398958 0.298438 0.447917 0.346875 0.567708 0.286719