0 0.458333 0.660156 0.411458 0.708594 0.503125 0.793750 0.553125 0.742188
0 0.548958 0.630469 0.504167 0.685156 0.607292 0.769531 0.660417 0.711719
0 0.436458 0.601562 0.332292 0.605469 0.332292 0.669531 0.439583 0.671094
0 0.710417 0.565625 0.643750 0.673438 0.732292 0.721094 0.809375 0.604688
0 0.516667 0.510156 0.481250 0.571875 0.590625 0.630469 0.632292 0.567969
0 0.354167 0.482031 0.311458 0.529687 0.380208 0.598437 0.430208 0.552344
0 0.247917 0.450781 0.225000 0.539062 0.275000 0.557813 0.305208 0.466406
0 0.414583 0.418750 0.369792 0.466406 0.440625 0.539062 0.493750 0.491406
0 0.536458 0.414844 0.505208 0.482031 0.625000 0.526563 0.661458 0.454688
0 0.368750 0.329688 0.297917 0.403125 0.332292 0.445312 0.409375 0.373437
0 0.509375 0.304688 0.436458 0.316406 0.438542 0.422656 0.510417 0.415625