0 0.100833 0.575625 0.000000 0.777500 0.170000 0.789375 0.250833 0.586875
0 0.310000 0.575625 0.240000 0.772500 0.424167 0.791250 0.469167 0.587500
0 0.523333 0.567500 0.516667 0.766250 0.712500 0.770625 0.691667 0.569375
0 0.763333 0.547500 0.790000 0.743125 0.990000 0.750625 0.935833 0.552500
0 0.895833 0.375625 0.755000 0.386250 0.807500 0.527500 0.968333 0.516875
0 0.492500 0.376250 0.351667 0.386875 0.353333 0.520625 0.509167 0.505625
0 0.699167 0.372500 0.555833 0.377500 0.562500 0.511875 0.721667 0.508750
0 0.288333 0.366250 0.150000 0.381875 0.137500 0.509375 0.293333 0.491250
0 0.682500 0.243750 0.556667 0.249375 0.564167 0.350625 0.701667 0.345625
0 0.521667 0.239375 0.400000 0.239375 0.375833 0.337500 0.508333 0.338750
0 0.748333 0.242500 0.780000 0.344375 0.920833 0.338125 0.876667 0.237500
0 0.388333 0.230625 0.272500 0.231250 0.235000 0.326875 0.361667 0.327500