0 0.529167 0.349219 0.529167 0.349219 0.528125 0.349219 0.528125 0.349219
0 0.531250 0.345313 0.535417 0.342969 0.537500 0.344531 0.532292 0.346875
0 0.501042 0.339844 0.501042 0.341406 0.502083 0.341406 0.502083 0.339844
0 0.540625 0.338281 0.540625 0.338281 0.540625 0.337500 0.540625 0.337500
0 0.536458 0.333594 0.536458 0.333594 0.536458 0.333594 0.536458 0.333594
0 0.493750 0.328906 0.496875 0.328125 0.501042 0.335938 0.497917 0.336719
0 0.452083 0.323437 0.371875 0.384375 0.496875 0.465625 0.583333 0.400000
0 0.487500 0.323437 0.488542 0.320312 0.490625 0.321094 0.489583 0.324219
0 0.482292 0.315625 0.482292 0.315625 0.482292 0.314063 0.482292 0.314063
0 0.478125 0.310156 0.478125 0.310156 0.478125 0.310156 0.478125 0.310156
0 0.140625 0.356250 0.239583 0.289844 0.465625 0.478125 0.365625 0.545312
0 0.516667 0.290625 0.519792 0.287500 0.523958 0.290625 0.519792 0.292969
0 0.554167 0.275000 0.554167 0.275000 0.551042 0.275000 0.551042 0.275000
0 0.543750 0.271094 0.543750 0.271094 0.542708 0.271094 0.542708 0.271094
0 0.628125 0.258594 0.523958 0.317969 0.663542 0.403125 0.753125 0.339844
0 0.626042 0.256250 0.626042 0.256250 0.626042 0.255469 0.626042 0.255469
0 0.645833 0.244531 0.645833 0.244531 0.645833 0.243750 0.645833 0.243750
0 0.629167 0.243750 0.630208 0.242969 0.630208 0.242969 0.629167 0.243750
0 0.620833 0.243750 0.621875 0.242188 0.623958 0.243750 0.621875 0.244531
0 0.338542 0.242188 0.254167 0.290625 0.352083 0.375000 0.441667 0.321875
0 0.618750 0.239844 0.618750 0.239844 0.618750 0.239844 0.618750 0.239844
0 0.632292 0.239063 0.637500 0.239063 0.637500 0.241406 0.632292 0.241406
0 0.587500 0.235937 0.594792 0.228906 0.622917 0.245312 0.614583 0.252344
0 0.639583 0.227344 0.646875 0.227344 0.646875 0.239063 0.639583 0.239063
0 0.637500 0.223438 0.637500 0.225000 0.638542 0.225781 0.638542 0.223438
0 0.623958 0.214062 0.628125 0.209375 0.669792 0.229687 0.665625 0.234375
0 0.664583 0.200781 0.664583 0.200000 0.665625 0.200781 0.665625 0.201563
0 0.648958 0.256250 0.712500 0.181250 0.885417 0.264062 0.820833 0.339062
0 0.357292 0.225000 0.437500 0.157812 0.596875 0.264062 0.517708 0.331250
0 0.552083 0.111719 0.475000 0.160156 0.587500 0.228125 0.669792 0.173437