0 0.644792 0.657031 0.591667 0.739844 0.728125 0.796875 0.778125 0.719531
0 0.334375 0.632031 0.282292 0.732812 0.461458 0.775781 0.501042 0.681250
0 0.688542 0.553906 0.671875 0.640625 0.814583 0.653906 0.828125 0.571875
0 0.583333 0.490625 0.508333 0.622656 0.608333 0.657813 0.677083 0.528125
0 0.330208 0.460156 0.258333 0.546875 0.419792 0.624219 0.482292 0.541406
0 0.854167 0.390625 0.763542 0.403906 0.793750 0.535156 0.883333 0.517969
0 0.708333 0.339844 0.553125 0.387500 0.591667 0.470313 0.740625 0.419531
0 0.297917 0.314063 0.294792 0.415625 0.480208 0.434375 0.489583 0.341406
0 0.834375 0.122656 0.732292 0.207813 0.802083 0.271875 0.897917 0.186719
0 0.640625 0.110156 0.482292 0.152344 0.532292 0.246094 0.682292 0.198437
0 0.392708 0.091406 0.191667 0.107813 0.239583 0.216406 0.432292 0.193750