0 0.543750 0.601562 0.543750 0.735156 0.652083 0.734375 0.645833 0.601562
0 0.460417 0.598437 0.348958 0.607031 0.375000 0.746094 0.485417 0.729688
0 0.231250 0.596875 0.219792 0.733594 0.334375 0.735938 0.344792 0.599219
0 0.825000 0.593750 0.809375 0.721094 0.911458 0.731250 0.922917 0.604688
0 0.771875 0.593750 0.673958 0.603125 0.692708 0.735156 0.794792 0.726562
0 0.736458 0.591406 0.736458 0.591406 0.735417 0.591406 0.735417 0.591406
0 0.741667 0.592969 0.741667 0.590625 0.763542 0.590625 0.763542 0.592969
0 0.523958 0.435937 0.525000 0.563281 0.627083 0.562500 0.626042 0.437500
0 0.668750 0.428906 0.659375 0.553906 0.762500 0.558594 0.768750 0.435937
0 0.488542 0.427344 0.382292 0.432031 0.393750 0.558594 0.498958 0.552344
0 0.880208 0.423438 0.787500 0.431250 0.806250 0.553125 0.906250 0.545312
0 0.228125 0.419531 0.217708 0.550000 0.332292 0.553125 0.340625 0.425000