0 0.778906 0.782292 0.778906 0.782292 0.778906 0.782292 0.778906 0.782292
0 0.679688 0.769792 0.683594 0.769792 0.683594 0.771875 0.679688 0.771875
0 0.677344 0.767708 0.677344 0.767708 0.677344 0.766667 0.677344 0.766667
0 0.652344 0.768750 0.653125 0.764583 0.672656 0.766667 0.671875 0.770833
0 0.609375 0.612500 0.786719 0.612500 0.786719 0.775000 0.609375 0.775000
0 0.404687 0.603125 0.402344 0.736458 0.564063 0.739583 0.560156 0.603125
0 0.192188 0.595833 0.192188 0.727083 0.345313 0.723958 0.345313 0.590625
0 0.562500 0.411458 0.408594 0.427083 0.411719 0.556250 0.567969 0.544792
0 0.349219 0.416667 0.197656 0.418750 0.196875 0.548958 0.345313 0.545833
0 0.784375 0.396875 0.615625 0.409375 0.618750 0.538542 0.787500 0.536458
0 0.344531 0.232292 0.195312 0.233333 0.192969 0.361458 0.341406 0.359375
0 0.780469 0.218750 0.614062 0.221875 0.610938 0.355208 0.778906 0.355208
0 0.580469 0.218750 0.424219 0.226042 0.421875 0.354167 0.577344 0.352083