0 0.310156 0.892708 0.310156 0.892708 0.310156 0.891667 0.310156 0.891667
0 0.860938 0.783333 0.860938 0.783333 0.860938 0.782292 0.860938 0.782292
0 0.867969 0.777083 0.869531 0.777083 0.869531 0.781250 0.867969 0.781250
0 0.510938 0.662500 0.306250 0.689583 0.306250 0.881250 0.507812 0.831250
0 0.708594 0.648958 0.552344 0.658333 0.548438 0.825000 0.703906 0.795833
0 0.879687 0.637500 0.754687 0.654167 0.752344 0.796875 0.874219 0.769792
0 0.757031 0.438542 0.750000 0.583333 0.877344 0.582292 0.885938 0.447917
0 0.313281 0.426042 0.310156 0.618750 0.514062 0.604167 0.517188 0.436458
0 0.562500 0.421875 0.560156 0.584375 0.714063 0.575000 0.720313 0.426042
0 0.778906 0.221875 0.770312 0.375000 0.896094 0.380208 0.907031 0.242708
0 0.564844 0.201042 0.566406 0.372917 0.724219 0.367708 0.728125 0.212500
0 0.321875 0.159375 0.325000 0.358333 0.530469 0.364583 0.531250 0.187500