0 0.208750 0.768333 0.138750 0.829167 0.160000 0.999167 0.241250 0.936667
0 0.305625 0.686667 0.234375 0.745833 0.270625 0.911667 0.346875 0.850833
0 0.400625 0.605833 0.327500 0.662500 0.370000 0.821667 0.448125 0.760833
0 0.185000 0.570833 0.121875 0.626667 0.150000 0.756667 0.218125 0.694167
0 0.487500 0.511667 0.418750 0.574167 0.478125 0.715833 0.553125 0.646667
0 0.271250 0.494167 0.206875 0.543333 0.232500 0.673333 0.301875 0.619167
0 0.348125 0.425833 0.281875 0.470000 0.305625 0.598333 0.376250 0.550000
0 0.161875 0.420833 0.103750 0.467500 0.120000 0.576667 0.182500 0.527500
0 0.591250 0.420000 0.519375 0.475833 0.579375 0.615833 0.658125 0.555833
0 0.424375 0.377500 0.357500 0.423333 0.391875 0.547500 0.461875 0.497500
0 0.229375 0.361667 0.172500 0.411667 0.196250 0.513333 0.258750 0.461667
0 0.665000 0.326667 0.600000 0.390000 0.678125 0.510000 0.750625 0.444167
0 0.306250 0.310000 0.248125 0.360000 0.282500 0.457500 0.345000 0.403333
0 0.501250 0.288333 0.445000 0.349167 0.509375 0.446667 0.570625 0.378333
0 0.373750 0.237500 0.318125 0.290833 0.360625 0.379167 0.421250 0.323333
0 0.615000 0.190833 0.557500 0.251667 0.625625 0.345000 0.690625 0.280833
0 0.462500 0.158333 0.405625 0.210833 0.453750 0.294167 0.514375 0.240000
0 0.540000 0.101667 0.485625 0.155000 0.544375 0.231667 0.601250 0.172500