0 0.375488 0.887153 0.468262 0.672743 0.573242 0.815104 0.480469 1.030382
0 0.713867 0.639757 0.742188 0.780382 0.869141 0.791667 0.834961 0.653646
0 0.565918 0.636285 0.638184 0.888021 0.718750 0.844618 0.640137 0.611979
0 0.353027 0.395833 0.329102 0.613715 0.436035 0.644965 0.449707 0.427951
0 0.597168 0.392361 0.692871 0.546007 0.737305 0.487847 0.644043 0.346354
0 0.483887 0.370660 0.556152 0.561632 0.621094 0.528646 0.548828 0.346354
0 0.802246 0.343750 0.751465 0.414931 0.811523 0.511285 0.857910 0.430556
0 0.708984 0.219618 0.668945 0.306424 0.733887 0.375868 0.771484 0.278646
0 0.455566 0.151910 0.531738 0.292535 0.582520 0.263021 0.509766 0.131944
0 0.405273 0.213542 0.365234 0.129340 0.243652 0.179688 0.281738 0.269965
0 0.617188 0.113715 0.578613 0.186632 0.638672 0.260417 0.673340 0.184028
0 0.621094 0.103299 0.577637 0.044271 0.501953 0.079861 0.547852 0.147569