0 0.342708 0.622656 0.283333 0.735938 0.377083 0.757031 0.431250 0.637500
0 0.529167 0.617188 0.473958 0.732812 0.577083 0.757812 0.625000 0.636719
0 0.754167 0.607031 0.759375 0.732031 0.883333 0.735938 0.865625 0.607031
0 0.158333 0.592969 0.114583 0.701562 0.205208 0.705469 0.240625 0.595313
0 0.598958 0.503125 0.512500 0.525000 0.550000 0.618750 0.647917 0.599219
0 0.353125 0.500000 0.266667 0.514062 0.276042 0.608594 0.365625 0.590625
0 0.218750 0.456250 0.138542 0.466406 0.131250 0.553125 0.215625 0.540625
0 0.476042 0.454688 0.392708 0.466406 0.400000 0.554688 0.489583 0.542188
0 0.730208 0.434375 0.671875 0.517188 0.767708 0.541406 0.820833 0.454688
0 0.338542 0.406250 0.258333 0.419531 0.265625 0.496875 0.347917 0.482031
0 0.556250 0.388281 0.534375 0.468750 0.621875 0.471875 0.641667 0.390625