0 0.512500 0.636719 0.485417 0.759375 0.588542 0.775000 0.610417 0.650000
0 0.703125 0.608594 0.665625 0.677344 0.822917 0.730469 0.856250 0.658594
0 0.294792 0.509375 0.156250 0.551562 0.181250 0.615625 0.322917 0.571875
0 0.922917 0.477344 0.795833 0.534375 0.852083 0.596094 0.983333 0.537500
0 0.197917 0.426563 0.085417 0.494531 0.134375 0.542188 0.250000 0.471875
0 0.258333 0.414844 0.398958 0.372656 0.508333 0.578906 0.367708 0.621094
0 0.772917 0.339844 0.677083 0.410938 0.744792 0.455469 0.842708 0.382031
0 0.232292 0.323437 0.119792 0.383594 0.164583 0.428125 0.277083 0.367969
0 0.482292 0.298438 0.358333 0.338281 0.389583 0.391406 0.514583 0.352344
0 0.603125 0.287500 0.536458 0.372656 0.614583 0.399219 0.679167 0.314063
0 0.377083 0.221875 0.269792 0.275000 0.313542 0.317969 0.421875 0.264062