0 0.521875 0.702344 0.386458 0.735938 0.412500 0.910156 0.573958 0.868750
0 0.206250 0.678125 0.129167 0.761719 0.301042 0.809375 0.371875 0.710938
0 0.663542 0.657031 0.592708 0.747656 0.823958 0.829688 0.891667 0.714844
0 0.532292 0.595313 0.353125 0.601562 0.318750 0.672656 0.515625 0.670312
0 0.237500 0.606250 0.160417 0.573438 0.019792 0.673438 0.094792 0.714063
0 0.185417 0.556250 0.331250 0.588281 0.385417 0.528906 0.245833 0.501563
0 0.878125 0.512500 0.762500 0.499219 0.660417 0.610156 0.772917 0.634375
0 0.540625 0.464062 0.471875 0.513281 0.593750 0.566406 0.667708 0.508594
0 0.315625 0.399219 0.175000 0.432812 0.184375 0.478125 0.336458 0.442969
0 0.916667 0.388281 0.735417 0.400781 0.706250 0.459375 0.895833 0.453906
0 0.467708 0.386719 0.378125 0.400000 0.378125 0.487500 0.473958 0.473438
0 0.503125 0.434375 0.634375 0.467187 0.688542 0.407813 0.556250 0.382031