0 0.317969 0.460417 0.179688 0.470833 0.129688 0.713542 0.295312 0.695833
0 0.505469 0.458333 0.524219 0.694792 0.680469 0.681250 0.633594 0.451042
0 0.482031 0.442708 0.350781 0.454167 0.340625 0.685417 0.496875 0.667708
0 0.687500 0.435417 0.728125 0.659375 0.885938 0.658333 0.817969 0.437500
0 0.332813 0.267708 0.221094 0.275000 0.197656 0.432292 0.328906 0.418750
0 0.464844 0.262500 0.357031 0.262500 0.340625 0.414583 0.465625 0.412500
0 0.486719 0.256250 0.485938 0.408333 0.607031 0.408333 0.592969 0.258333
0 0.631250 0.243750 0.662500 0.386458 0.784375 0.380208 0.735938 0.238542
0 0.335938 0.140625 0.240625 0.142708 0.221875 0.256250 0.331250 0.248958
0 0.360938 0.135417 0.353906 0.243750 0.458594 0.237500 0.454688 0.132292
0 0.480469 0.126042 0.493750 0.233333 0.596094 0.225000 0.569531 0.120833
0 0.611719 0.109375 0.636719 0.212500 0.735938 0.205208 0.700000 0.108333