0 0.143750 0.767500 0.052500 0.781667 0.000000 0.950833 0.103125 0.935833
0 0.263125 0.748333 0.174375 0.763333 0.140625 0.929167 0.241250 0.914167
0 0.375625 0.730833 0.290000 0.742500 0.273125 0.900833 0.370000 0.888333
0 0.482500 0.697500 0.403125 0.712500 0.412500 0.865833 0.504375 0.845833
0 0.600000 0.677500 0.522500 0.685833 0.536875 0.831667 0.627500 0.821667
0 0.615625 0.657500 0.651875 0.790833 0.736875 0.779167 0.691875 0.645833
0 0.196875 0.597500 0.120625 0.609167 0.093125 0.728333 0.178125 0.713333
0 0.298750 0.581667 0.226250 0.586667 0.201250 0.700833 0.281875 0.694167
0 0.316875 0.567500 0.293125 0.676667 0.371250 0.675833 0.387500 0.566667
0 0.466250 0.566667 0.395000 0.570833 0.386250 0.679167 0.465000 0.674167
0 0.557500 0.540000 0.491875 0.555833 0.521250 0.658333 0.592500 0.639167
0 0.611875 0.536667 0.646250 0.637500 0.719375 0.624167 0.677500 0.526667
0 0.229375 0.477500 0.165000 0.484167 0.138125 0.570000 0.210000 0.564167
0 0.307500 0.470000 0.243750 0.474167 0.227500 0.560833 0.297500 0.553333
0 0.386875 0.468333 0.321875 0.477500 0.321250 0.560833 0.391250 0.548333
0 0.463750 0.450833 0.402500 0.460000 0.412500 0.540000 0.478125 0.528333
0 0.554375 0.437500 0.495000 0.446667 0.513750 0.521667 0.577500 0.511667
0 0.575625 0.443333 0.601875 0.519167 0.665625 0.508333 0.634375 0.435833