0 0.403125 0.722656 0.390625 0.836719 0.610417 0.828125 0.621875 0.724219
0 0.728125 0.685937 0.638542 0.839063 0.750000 0.873437 0.834375 0.723437
0 0.263542 0.589063 0.104167 0.632031 0.187500 0.806250 0.340625 0.757031
0 0.653125 0.568750 0.436458 0.577344 0.438542 0.688281 0.650000 0.674219
0 0.729167 0.560937 0.720833 0.662500 0.905208 0.665625 0.915625 0.567187
0 0.414583 0.465625 0.163542 0.467969 0.165625 0.587500 0.417708 0.576562
0 0.838542 0.400000 0.641667 0.410156 0.650000 0.513281 0.843750 0.500000
0 0.577083 0.363281 0.438542 0.374219 0.466667 0.547656 0.603125 0.530469
0 0.859375 0.263281 0.668750 0.289062 0.695833 0.392969 0.882292 0.363281
0 0.241667 0.226562 0.079167 0.253906 0.164583 0.442969 0.321875 0.409375
0 0.512500 0.200000 0.289583 0.253906 0.348958 0.365625 0.561458 0.307031
0 0.642708 0.053906 0.540625 0.201563 0.661458 0.261719 0.756250 0.116406