0 0.246528 0.660156 0.106771 0.666504 0.070312 0.783203 0.224826 0.778320
0 0.652778 0.638184 0.514757 0.641602 0.520833 0.762695 0.670139 0.759766
0 0.429688 0.637695 0.291667 0.646484 0.301215 0.759277 0.453993 0.748047
0 0.805556 0.616699 0.855903 0.723145 0.999132 0.722168 0.942708 0.612793
0 0.268229 0.543945 0.142361 0.549316 0.124132 0.635742 0.261285 0.630371
0 0.471354 0.516602 0.352431 0.529297 0.353299 0.611816 0.483507 0.603516
0 0.610243 0.505859 0.500000 0.528809 0.567708 0.605469 0.688368 0.581055
0 0.808160 0.497559 0.703125 0.516602 0.788194 0.591309 0.905382 0.572266
0 0.318576 0.442383 0.208333 0.452637 0.208333 0.523926 0.325521 0.512695
0 0.813368 0.435059 0.824653 0.435059 0.824653 0.436523 0.813368 0.436523
0 0.532986 0.437012 0.532986 0.500488 0.651910 0.500000 0.640625 0.436035
0 0.447049 0.431152 0.340278 0.438477 0.353299 0.509766 0.467882 0.500488
0 0.776042 0.416016 0.676215 0.434082 0.745660 0.498047 0.851562 0.479004