0 0.584375 0.759375 0.422917 0.774219 0.438542 0.858594 0.606250 0.845313
0 0.208333 0.636719 0.153125 0.696875 0.267708 0.774219 0.322917 0.714844
0 0.368750 0.589844 0.326042 0.657813 0.462500 0.721094 0.510417 0.650781
0 0.625000 0.539844 0.577083 0.666406 0.684375 0.694531 0.733333 0.564063
0 0.219792 0.496875 0.194792 0.570312 0.334375 0.600000 0.358333 0.525781
0 0.881250 0.483594 0.767708 0.516406 0.840625 0.646875 0.960417 0.617188
0 0.458333 0.481250 0.410417 0.550000 0.552083 0.611719 0.600000 0.540625
0 0.103125 0.456250 0.051042 0.560937 0.127083 0.589063 0.182292 0.482031
0 0.400000 0.349219 0.360417 0.420312 0.501042 0.466406 0.542708 0.393750
0 0.270833 0.345313 0.230208 0.460156 0.314583 0.478125 0.358333 0.361719
0 0.708333 0.332813 0.610417 0.375000 0.692708 0.488281 0.795833 0.447656
0 0.458333 0.239844 0.414583 0.312500 0.556250 0.359375 0.602083 0.284375