0 0.475000 0.534375 0.438542 0.610938 0.601042 0.657031 0.632292 0.578906
0 0.592708 0.471875 0.564583 0.540625 0.725000 0.583594 0.747917 0.510938
0 0.309375 0.455469 0.259375 0.524219 0.415625 0.580469 0.460417 0.507812
0 0.093750 0.381250 0.063542 0.453125 0.240625 0.479687 0.263542 0.406250
0 0.360417 0.365625 0.318750 0.430469 0.472917 0.478906 0.509375 0.415625
0 0.623958 0.351562 0.633333 0.419531 0.784375 0.419531 0.773958 0.353125
0 0.431250 0.285938 0.398958 0.347656 0.543750 0.392188 0.576042 0.328906
0 0.180208 0.275781 0.134375 0.338281 0.290625 0.385937 0.330208 0.323437
0 0.681250 0.237500 0.661458 0.295312 0.802083 0.331250 0.822917 0.271094
0 0.516667 0.202344 0.472917 0.254688 0.603125 0.312500 0.645833 0.257812
0 0.289583 0.185938 0.228125 0.232031 0.348958 0.303125 0.410417 0.255469
0 0.362500 0.129688 0.315625 0.177344 0.448958 0.235156 0.492708 0.184375