0 0.565625 0.678125 0.486458 0.752344 0.696875 0.841406 0.770833 0.744531
0 0.235417 0.654687 0.105208 0.685156 0.107292 0.807813 0.258333 0.767969
0 0.544792 0.621094 0.439583 0.607812 0.337500 0.716406 0.454167 0.735938
0 0.360417 0.567187 0.188542 0.567969 0.157292 0.628906 0.342708 0.630469
0 0.756250 0.550781 0.700000 0.670312 0.845833 0.692187 0.888542 0.566406
0 0.696875 0.493750 0.587500 0.505469 0.576042 0.603125 0.698958 0.592187
0 0.556250 0.482031 0.489583 0.453125 0.372917 0.521875 0.437500 0.556250
0 0.412500 0.474219 0.338542 0.445312 0.233333 0.514844 0.306250 0.546875
0 0.977083 0.489063 0.919792 0.438281 0.742708 0.481250 0.784375 0.537500
0 0.557292 0.359375 0.508333 0.411719 0.631250 0.443750 0.682292 0.388281
0 0.489583 0.355469 0.411458 0.349219 0.357292 0.425781 0.435417 0.434375
0 0.865625 0.360156 0.769792 0.346094 0.694792 0.427344 0.793750 0.446875