0 0.650000 0.756250 0.600000 0.893750 0.667969 0.947917 0.717187 0.802083
0 0.384375 0.723958 0.384375 0.723958 0.384375 0.723958 0.384375 0.723958
0 0.563281 0.697917 0.512500 0.832292 0.575781 0.879167 0.624219 0.741667
0 0.489063 0.633333 0.440625 0.760417 0.497656 0.803125 0.546094 0.669792
0 0.707812 0.586458 0.653125 0.705208 0.716406 0.759375 0.771875 0.633333
0 0.425000 0.578125 0.367969 0.690625 0.418750 0.737500 0.472656 0.618750
0 0.622656 0.529167 0.572656 0.645833 0.630469 0.690625 0.682031 0.566667
0 0.357031 0.527083 0.303906 0.636458 0.350781 0.678125 0.406250 0.564583
0 0.551562 0.491667 0.504687 0.604167 0.560937 0.644792 0.607812 0.528125
0 0.770312 0.450000 0.725781 0.567708 0.791406 0.608333 0.835156 0.485417
0 0.489844 0.445833 0.442188 0.556250 0.493750 0.591667 0.541406 0.477083
0 0.681250 0.404167 0.635156 0.514583 0.696875 0.554167 0.741406 0.438542
0 0.424219 0.402083 0.370312 0.501042 0.414844 0.541667 0.469531 0.440625
0 0.614062 0.363542 0.568750 0.470833 0.624219 0.505208 0.670312 0.393750
0 0.544531 0.311458 0.495312 0.411458 0.544531 0.447917 0.593750 0.345833
0 0.484375 0.277083 0.433594 0.369792 0.477344 0.405208 0.528125 0.308333