0 0.505208 0.528906 0.296875 0.526563 0.296875 0.621875 0.501042 0.624219
0 0.755208 0.519531 0.541667 0.519531 0.540625 0.617969 0.755208 0.622656
0 0.487500 0.400000 0.279167 0.400781 0.281250 0.500781 0.489583 0.497656
0 0.546875 0.395313 0.539583 0.493750 0.753125 0.505469 0.762500 0.404687
0 0.767708 0.340625 0.766667 0.340625 0.766667 0.342187 0.767708 0.341406
0 0.767708 0.333594 0.767708 0.333594 0.766667 0.333594 0.766667 0.333594
0 0.753125 0.275000 0.536458 0.275000 0.532292 0.376563 0.748958 0.378906
0 0.286458 0.266406 0.284375 0.366406 0.495833 0.371875 0.500000 0.269531
0 0.747917 0.150781 0.529167 0.159375 0.530208 0.264844 0.746875 0.259375
0 0.281250 0.137500 0.272917 0.240625 0.483333 0.256250 0.497917 0.151562
0 0.500000 0.019531 0.283333 0.021094 0.281250 0.127344 0.496875 0.129688
0 0.540625 0.016406 0.533333 0.125000 0.753125 0.131250 0.762500 0.021094