0 0.306250 0.651563 0.212500 0.659375 0.193750 0.761719 0.296875 0.752344
0 0.431250 0.641406 0.339583 0.646094 0.332292 0.747656 0.435417 0.740625
0 0.552083 0.635938 0.459375 0.641406 0.462500 0.739844 0.566667 0.732031
0 0.568750 0.638281 0.585417 0.737500 0.689583 0.731250 0.661458 0.637500
0 0.317708 0.550000 0.234375 0.556250 0.226042 0.632812 0.317708 0.622656
0 0.417708 0.542188 0.337500 0.548438 0.339583 0.624219 0.429167 0.612500
0 0.538542 0.535156 0.459375 0.539062 0.462500 0.609375 0.548958 0.603906
0 0.638542 0.533594 0.558333 0.536719 0.570833 0.608594 0.660417 0.603125
0 0.322917 0.460156 0.250000 0.464062 0.243750 0.522656 0.321875 0.514062
0 0.423958 0.453125 0.353125 0.458594 0.355208 0.512500 0.432292 0.503125
0 0.462500 0.451562 0.461458 0.505469 0.539583 0.501563 0.532292 0.450000
0 0.622917 0.445312 0.552083 0.448437 0.559375 0.504687 0.635417 0.501563