0 0.555208 0.601562 0.494792 0.653906 0.608333 0.728906 0.668750 0.677344
0 0.321875 0.603125 0.293750 0.667188 0.431250 0.704688 0.461458 0.639062
0 0.744792 0.571875 0.687500 0.627344 0.802083 0.699219 0.863542 0.646094
0 0.172917 0.513281 0.126042 0.573438 0.252083 0.628125 0.296875 0.567969
0 0.461458 0.467969 0.446875 0.535937 0.591667 0.553125 0.605208 0.486719
0 0.797917 0.431250 0.732292 0.530469 0.817708 0.560937 0.882292 0.461719
0 0.317708 0.407813 0.253125 0.454688 0.353125 0.533594 0.418750 0.484375
0 0.700000 0.342969 0.638542 0.442969 0.726042 0.470313 0.784375 0.371094
0 0.176042 0.327344 0.151042 0.392188 0.289583 0.421094 0.314583 0.357031
0 0.542708 0.306250 0.508333 0.411719 0.598958 0.427344 0.630208 0.321094
0 0.410417 0.274219 0.348958 0.370312 0.431250 0.400781 0.493750 0.303125