0 0.298438 0.616667 0.163281 0.632292 0.152344 0.894792 0.310156 0.860417
0 0.421875 0.567708 0.328906 0.638542 0.450781 0.831250 0.543750 0.733333
0 0.543750 0.571875 0.527344 0.675000 0.707812 0.753125 0.712500 0.633333
0 0.657813 0.489583 0.657813 0.489583 0.657813 0.489583 0.657813 0.489583
0 0.676562 0.502083 0.763281 0.672917 0.846094 0.643750 0.752344 0.488542
0 0.344531 0.483333 0.344531 0.465625 0.346875 0.465625 0.346875 0.483333
0 0.653906 0.516667 0.607812 0.431250 0.478125 0.458333 0.514844 0.554167
0 0.335156 0.450000 0.263281 0.375000 0.117969 0.478125 0.192969 0.562500
0 0.353125 0.370833 0.354687 0.520833 0.461719 0.523958 0.446875 0.381250
0 0.742969 0.405208 0.691406 0.334375 0.590625 0.364583 0.640625 0.438542
0 0.428906 0.323958 0.528125 0.430208 0.585156 0.384375 0.485938 0.291667