0 0.662500 0.685156 0.510417 0.766406 0.578125 0.849219 0.735417 0.763281
0 0.571875 0.556250 0.487500 0.663281 0.577083 0.698438 0.660417 0.587500
0 0.407292 0.546094 0.342708 0.657813 0.427083 0.678906 0.487500 0.560156
0 0.711458 0.534375 0.696875 0.656250 0.816667 0.665625 0.823958 0.539844
0 0.293750 0.512500 0.202083 0.607031 0.275000 0.640625 0.362500 0.542969
0 0.142708 0.483594 0.092708 0.583594 0.175000 0.592969 0.222917 0.491406
0 0.581250 0.421875 0.492708 0.439063 0.516667 0.536719 0.611458 0.517969
0 0.339583 0.403125 0.255208 0.414844 0.254167 0.505469 0.342708 0.493750
0 0.468750 0.365625 0.384375 0.373437 0.381250 0.462500 0.467708 0.454688
0 0.726042 0.358594 0.651042 0.441406 0.740625 0.469531 0.812500 0.383594
0 0.218750 0.353125 0.138542 0.360156 0.123958 0.442969 0.205208 0.435937
0 0.338542 0.307812 0.260417 0.317969 0.256250 0.395313 0.338542 0.386719
0 0.563542 0.300000 0.525000 0.384375 0.609375 0.391406 0.645833 0.307031