0 0.613542 0.517969 0.539583 0.517969 0.539583 0.552344 0.616667 0.553125
0 0.450000 0.516406 0.450000 0.551562 0.528125 0.551562 0.526042 0.517188
0 0.431250 0.512500 0.353125 0.511719 0.351042 0.548438 0.430208 0.550000
0 0.540625 0.474219 0.540625 0.507812 0.613542 0.511719 0.614583 0.478125
0 0.447917 0.469531 0.446875 0.503125 0.522917 0.505469 0.522917 0.472656
0 0.356250 0.466406 0.355208 0.502344 0.431250 0.503125 0.432292 0.469531
0 0.537500 0.429688 0.537500 0.461719 0.610417 0.464062 0.608333 0.431250
0 0.451042 0.424219 0.451042 0.456250 0.526042 0.458594 0.525000 0.425781
0 0.364583 0.421094 0.365625 0.454688 0.440625 0.454688 0.439583 0.422656
0 0.536458 0.384375 0.536458 0.417187 0.609375 0.418750 0.608333 0.387500
0 0.450000 0.382812 0.452083 0.415625 0.525000 0.415625 0.522917 0.383594
0 0.361458 0.380469 0.362500 0.412500 0.436458 0.415625 0.435417 0.381250