0 0.256076 0.658691 0.103299 0.686523 0.134549 0.809082 0.308160 0.774902
0 0.440104 0.655762 0.295139 0.692871 0.391493 0.812988 0.549479 0.768066
0 0.634549 0.628906 0.492188 0.653809 0.581597 0.770996 0.740451 0.738281
0 0.141493 0.562012 0.006076 0.579590 0.016493 0.645996 0.166667 0.624023
0 0.709201 0.562500 0.903646 0.540527 0.968750 0.720215 0.773438 0.742188
0 0.328993 0.527344 0.207465 0.544922 0.202257 0.620117 0.335938 0.603516
0 0.414931 0.521484 0.381076 0.583984 0.517361 0.585938 0.538194 0.524902
0 0.170139 0.469727 0.064236 0.493164 0.103299 0.547363 0.217014 0.517578
0 0.616319 0.457031 0.958333 0.452637 0.961806 0.529785 0.619792 0.534180
0 0.401042 0.466309 0.319444 0.454590 0.203125 0.494141 0.284722 0.508301
0 0.275174 0.422852 0.178819 0.423828 0.136285 0.470703 0.242188 0.470703
0 0.376736 0.454102 0.493924 0.381348 0.627604 0.448730 0.509549 0.521973