0 0.151910 0.661621 0.117188 0.779297 0.259549 0.787109 0.296875 0.671875
0 0.362847 0.661133 0.352431 0.769531 0.489583 0.779785 0.508681 0.673340
0 0.821181 0.650391 0.802083 0.775879 0.941840 0.778809 0.963542 0.654297
0 0.606771 0.634277 0.568576 0.740723 0.708333 0.755859 0.755208 0.650391
0 0.443576 0.484375 0.369792 0.607910 0.510417 0.635742 0.586806 0.511719
0 0.198785 0.482422 0.118056 0.603516 0.256076 0.633301 0.340278 0.517090
0 0.835938 0.601562 0.896701 0.469727 1.051215 0.492188 0.990451 0.624023
0 0.698785 0.464844 0.635417 0.591797 0.777778 0.612793 0.843750 0.485840
0 0.342882 0.288086 0.184896 0.297852 0.219618 0.440430 0.372396 0.431152
0 0.813368 0.287109 0.654514 0.302246 0.681424 0.442383 0.836806 0.427734
0 0.433160 0.285156 0.407118 0.426758 0.558160 0.438477 0.590278 0.298340
0 0.919271 0.277344 0.885417 0.420898 0.994792 0.428223 0.999132 0.278809