0 0.422917 0.687500 0.363542 0.724219 0.434375 0.801562 0.494792 0.763281
0 0.504167 0.648438 0.450000 0.681250 0.516667 0.757031 0.572917 0.720313
0 0.582292 0.608594 0.531250 0.642188 0.598958 0.712500 0.651042 0.677344
0 0.354167 0.593750 0.288542 0.621875 0.348958 0.703125 0.415625 0.670312
0 0.655208 0.577344 0.608333 0.607031 0.677083 0.675781 0.723958 0.645312
0 0.433333 0.553125 0.378125 0.584375 0.444792 0.654687 0.500000 0.621875
0 0.505208 0.522656 0.453125 0.552344 0.518750 0.620313 0.570833 0.589844
0 0.270833 0.500000 0.204167 0.527344 0.265625 0.603125 0.333333 0.572656
0 0.566667 0.490625 0.517708 0.517188 0.579167 0.583594 0.629167 0.554688
0 0.350000 0.467969 0.290625 0.493750 0.355208 0.565625 0.412500 0.535937
0 0.437500 0.438281 0.384375 0.462500 0.447917 0.531250 0.501042 0.505469
0 0.504167 0.413281 0.456250 0.439844 0.517708 0.502344 0.566667 0.477344