0 0.434375 0.996094 0.436458 0.996094 0.436458 0.999219 0.434375 0.999219
0 0.431250 0.992969 0.430208 0.993750 0.431250 0.994531 0.432292 0.993750
0 0.442708 0.989844 0.442708 0.989844 0.442708 0.989844 0.442708 0.989844
0 0.431250 0.985938 0.431250 0.985938 0.431250 0.985938 0.431250 0.985938
0 0.446875 0.985156 0.446875 0.987500 0.447917 0.986719 0.447917 0.985938
0 0.164583 0.985156 0.167708 0.985156 0.167708 0.986719 0.164583 0.986719
0 0.462500 0.978125 0.462500 0.978125 0.461458 0.978125 0.461458 0.978125
0 0.153125 0.972656 0.153125 0.974219 0.154167 0.975000 0.154167 0.972656
0 0.461458 0.970313 0.462500 0.969531 0.463542 0.970313 0.462500 0.971094
0 0.431250 0.970313 0.431250 0.970313 0.431250 0.970313 0.431250 0.970313
0 0.423958 0.970313 0.423958 0.970313 0.422917 0.970313 0.422917 0.970313
0 0.172917 0.970313 0.172917 0.970313 0.172917 0.970313 0.172917 0.970313
0 0.147917 0.970313 0.150000 0.968750 0.151042 0.970313 0.150000 0.971094
0 0.473958 0.966406 0.473958 0.966406 0.473958 0.966406 0.473958 0.966406
0 0.145833 0.966406 0.145833 0.966406 0.145833 0.966406 0.145833 0.966406
0 0.114583 0.966406 0.114583 0.966406 0.114583 0.966406 0.114583 0.966406
0 0.442708 0.995313 0.478125 0.957031 0.488542 0.962500 0.453125 1.000781
0 0.478125 0.962500 0.478125 0.962500 0.478125 0.961719 0.478125 0.961719
0 0.489583 0.958594 0.489583 0.958594 0.489583 0.958594 0.489583 0.958594
0 0.476042 0.958594 0.476042 0.958594 0.473958 0.958594 0.473958 0.958594
0 0.492708 0.954688 0.492708 0.953906 0.493750 0.954688 0.493750 0.955469
0 0.438542 0.954688 0.438542 0.954688 0.438542 0.954688 0.438542 0.954688
0 0.181250 0.954688 0.181250 0.954688 0.181250 0.954688 0.181250 0.954688
0 0.165625 0.954688 0.165625 0.954688 0.165625 0.954688 0.165625 0.954688
0 0.133333 0.954688 0.133333 0.953906 0.134375 0.954688 0.134375 0.955469
0 0.098958 0.950781 0.098958 0.950781 0.098958 0.950781 0.098958 0.950781
0 0.130208 0.951562 0.130208 0.951562 0.130208 0.949219 0.130208 0.949219
0 0.481250 0.953906 0.488542 0.947656 0.492708 0.950781 0.484375 0.956250
0 0.491667 0.942969 0.493750 0.942969 0.493750 0.946875 0.491667 0.946875
0 0.115625 0.939063 0.117708 0.936719 0.125000 0.942187 0.121875 0.943750
0 0.495833 0.950781 0.497917 0.935937 0.510417 0.936719 0.508333 0.951562
0 0.509375 0.931250 0.509375 0.931250 0.509375 0.931250 0.509375 0.931250
0 0.235417 0.923438 0.235417 0.923438 0.235417 0.923438 0.235417 0.923438
0 0.516667 0.922656 0.516667 0.923438 0.517708 0.923438 0.517708 0.922656
0 0.098958 0.919531 0.098958 0.919531 0.098958 0.919531 0.098958 0.919531
0 0.525000 0.915625 0.525000 0.915625 0.525000 0.915625 0.525000 0.915625
0 0.091667 0.915625 0.091667 0.915625 0.091667 0.915625 0.091667 0.915625
0 0.530208 0.915625 0.532292 0.913281 0.534375 0.914062 0.532292 0.916406
0 0.528125 0.907031 0.535417 0.903125 0.540625 0.908594 0.533333 0.912500
0 0.540625 0.900000 0.540625 0.900000 0.540625 0.900000 0.540625 0.900000
0 0.547917 0.892188 0.547917 0.892188 0.547917 0.892188 0.547917 0.892188
0 0.552083 0.888281 0.552083 0.888281 0.552083 0.888281 0.552083 0.888281
0 0.556250 0.884375 0.556250 0.884375 0.555208 0.884375 0.555208 0.884375
0 0.425000 0.888281 0.426042 0.883594 0.429167 0.884375 0.427083 0.888281
0 0.533333 0.876563 0.533333 0.876563 0.532292 0.876563 0.532292 0.876563
0 0.306250 0.875781 0.305208 0.876563 0.306250 0.877344 0.307292 0.876563
0 0.562500 0.872656 0.568750 0.872656 0.568750 0.879687 0.562500 0.879687
0 0.572917 0.868750 0.572917 0.868750 0.571875 0.868750 0.571875 0.868750
0 0.579167 0.861719 0.580208 0.860938 0.581250 0.860938 0.579167 0.860938
0 0.548958 0.860938 0.548958 0.860938 0.547917 0.860938 0.547917 0.860938
0 0.500000 0.853125 0.501042 0.852344 0.502083 0.853125 0.501042 0.853906
0 0.384375 0.857031 0.384375 0.857031 0.384375 0.853125 0.384375 0.853125
0 0.020833 0.849219 0.020833 0.849219 0.020833 0.849219 0.020833 0.849219
0 0.020833 0.841406 0.020833 0.841406 0.020833 0.841406 0.020833 0.841406
0 0.580208 0.850000 0.595833 0.835938 0.604167 0.840625 0.588542 0.855469
0 0.009375 0.837500 0.009375 0.837500 0.009375 0.837500 0.009375 0.837500
0 0.597917 0.833594 0.604167 0.825000 0.612500 0.828906 0.606250 0.837500
0 0.005208 0.824219 0.004167 0.825000 0.004167 0.825781 0.005208 0.825781
0 0.025000 0.814063 0.025000 0.814063 0.025000 0.814063 0.025000 0.814063
0 0.579167 0.808594 0.583333 0.808594 0.583333 0.810156 0.579167 0.810156
0 0.330208 0.798438 0.330208 0.798438 0.329167 0.798438 0.329167 0.798438
0 0.009375 0.799219 0.009375 0.799219 0.009375 0.798438 0.009375 0.798438
0 0.552083 0.790625 0.552083 0.790625 0.552083 0.790625 0.552083 0.790625
0 0.547917 0.782813 0.547917 0.783594 0.548958 0.783594 0.548958 0.782813
0 0.001042 0.782813 0.001042 0.782813 0.000000 0.782813 0.000000 0.782813
0 0.517708 0.763281 0.517708 0.763281 0.517708 0.763281 0.517708 0.763281
0 0.290625 0.751563 0.290625 0.751563 0.290625 0.751563 0.290625 0.751563
0 0.001042 0.751563 0.001042 0.751563 0.000000 0.751563 0.000000 0.751563
0 0.497917 0.743750 0.506250 0.743750 0.506250 0.747656 0.497917 0.747656
0 0.478125 0.743750 0.478125 0.743750 0.477083 0.743750 0.477083 0.743750
0 0.266667 0.735938 0.266667 0.735938 0.266667 0.735938 0.266667 0.735938
0 0.248958 0.735938 0.251042 0.734375 0.252083 0.735938 0.251042 0.736719
0 0.473958 0.728125 0.473958 0.728125 0.473958 0.728125 0.473958 0.728125
0 0.451042 0.728125 0.452083 0.726562 0.456250 0.728125 0.455208 0.729688
0 0.238542 0.728125 0.240625 0.725781 0.245833 0.728125 0.243750 0.729688
0 0.270833 0.724219 0.270833 0.724219 0.270833 0.724219 0.270833 0.724219
0 0.223958 0.724219 0.223958 0.724219 0.223958 0.724219 0.223958 0.724219
0 0.247917 0.722656 0.246875 0.723437 0.246875 0.726562 0.247917 0.726562
0 0.230208 0.721875 0.233333 0.721875 0.233333 0.727344 0.230208 0.727344
0 0.275000 0.720313 0.275000 0.720313 0.275000 0.720313 0.275000 0.720313
0 0.288542 0.719531 0.291667 0.719531 0.291667 0.721875 0.288542 0.721875
0 0.297917 0.718750 0.297917 0.720313 0.298958 0.720313 0.297917 0.719531
0 0.467708 0.716406 0.470833 0.716406 0.470833 0.717187 0.467708 0.717187
0 0.458333 0.716406 0.458333 0.716406 0.458333 0.716406 0.458333 0.716406
0 0.465625 0.712500 0.465625 0.712500 0.464583 0.712500 0.464583 0.712500
0 0.219792 0.711719 0.219792 0.712500 0.220833 0.712500 0.220833 0.711719
0 0.270833 0.710156 0.276042 0.707812 0.284375 0.716406 0.279167 0.718750
0 0.278125 0.708594 0.278125 0.708594 0.278125 0.708594 0.278125 0.708594
0 0.223958 0.708594 0.223958 0.708594 0.223958 0.708594 0.223958 0.708594
0 0.275000 0.706250 0.275000 0.706250 0.275000 0.704688 0.275000 0.704688
0 0.227083 0.704688 0.228125 0.703906 0.229167 0.704688 0.228125 0.705469
0 0.312500 0.704688 0.314583 0.703125 0.316667 0.704688 0.314583 0.706250
0 0.280208 0.703906 0.282292 0.703125 0.284375 0.704688 0.282292 0.705469
0 0.198958 0.700781 0.200000 0.700000 0.201042 0.700781 0.200000 0.701562
0 0.441667 0.700781 0.442708 0.700000 0.442708 0.700000 0.441667 0.700781
0 0.287500 0.700000 0.286458 0.700000 0.286458 0.702344 0.288542 0.700781
0 0.278125 0.700000 0.278125 0.700781 0.279167 0.701562 0.279167 0.700000
0 0.268750 0.700000 0.271875 0.700000 0.271875 0.702344 0.268750 0.702344
0 0.231250 0.701562 0.233333 0.699219 0.237500 0.700781 0.235417 0.703125
0 0.293750 0.704688 0.302083 0.697656 0.307292 0.700781 0.300000 0.707812
0 0.416667 0.696875 0.416667 0.696875 0.415625 0.696875 0.415625 0.696875
0 0.306250 0.696875 0.306250 0.696875 0.306250 0.696875 0.306250 0.696875
0 0.273958 0.696094 0.277083 0.696094 0.277083 0.698438 0.273958 0.698438
0 0.294792 0.692969 0.294792 0.692969 0.294792 0.692969 0.294792 0.692969
0 0.223958 0.692969 0.223958 0.692969 0.223958 0.692969 0.223958 0.692969
0 0.276042 0.691406 0.278125 0.689844 0.281250 0.692969 0.279167 0.693750
0 0.225000 0.710938 0.263542 0.689063 0.281250 0.707812 0.242708 0.728906
0 0.337500 0.689063 0.337500 0.689063 0.337500 0.689063 0.337500 0.689063
0 0.016667 0.689063 0.016667 0.689063 0.014583 0.689063 0.014583 0.689063
0 0.359375 0.688281 0.361458 0.688281 0.361458 0.689844 0.359375 0.689844
0 0.427083 0.685156 0.427083 0.685156 0.427083 0.685156 0.427083 0.685156
0 0.208333 0.685156 0.208333 0.685156 0.208333 0.685156 0.208333 0.685156
0 0.187500 0.685156 0.187500 0.685156 0.185417 0.685156 0.185417 0.685156
0 0.419792 0.684375 0.418750 0.685156 0.419792 0.685937 0.420833 0.685156
0 0.386458 0.681250 0.289583 0.742188 0.419792 0.869531 0.516667 0.798438
0 0.218750 0.681250 0.219792 0.680469 0.220833 0.681250 0.219792 0.682031
0 0.333333 0.677344 0.333333 0.677344 0.333333 0.677344 0.333333 0.677344
0 0.302083 0.675781 0.302083 0.678125 0.303125 0.677344 0.303125 0.676562
0 0.414583 0.673438 0.416667 0.673438 0.416667 0.675000 0.414583 0.675000
0 0.361458 0.673438 0.361458 0.673438 0.360417 0.673438 0.360417 0.673438
0 0.338542 0.673438 0.338542 0.673438 0.337500 0.673438 0.337500 0.673438
0 0.189583 0.673438 0.189583 0.673438 0.187500 0.673438 0.187500 0.673438
0 0.148958 0.672656 0.148958 0.672656 0.150000 0.673438 0.150000 0.673438
0 0.342708 0.671875 0.346875 0.671875 0.346875 0.674219 0.342708 0.674219
0 0.332292 0.669531 0.333333 0.668750 0.334375 0.669531 0.333333 0.670312
0 0.300000 0.670312 0.301042 0.667969 0.303125 0.668750 0.302083 0.671094
0 0.271875 0.669531 0.329167 0.665625 0.331250 0.688281 0.273958 0.692187
0 0.337500 0.665625 0.337500 0.665625 0.337500 0.665625 0.337500 0.665625
0 0.306250 0.665625 0.306250 0.665625 0.306250 0.665625 0.306250 0.665625
0 0.204167 0.665625 0.204167 0.665625 0.204167 0.665625 0.204167 0.665625
0 0.319792 0.665625 0.320833 0.664844 0.322917 0.665625 0.320833 0.667188
0 0.158333 0.664844 0.157292 0.664844 0.156250 0.665625 0.158333 0.665625
0 0.333333 0.661719 0.333333 0.661719 0.333333 0.661719 0.333333 0.661719
0 0.392708 0.663281 0.400000 0.660156 0.409375 0.672656 0.402083 0.675781
0 0.340625 0.660937 0.342708 0.660937 0.342708 0.664062 0.340625 0.664062
0 0.325000 0.661719 0.326042 0.660937 0.327083 0.661719 0.326042 0.662500
0 0.309375 0.659375 0.310417 0.659375 0.310417 0.662500 0.309375 0.662500
0 0.391667 0.657813 0.395833 0.657813 0.395833 0.659375 0.391667 0.659375
0 0.331250 0.657813 0.331250 0.657813 0.329167 0.657813 0.329167 0.657813
0 0.314583 0.657813 0.314583 0.657813 0.312500 0.657813 0.312500 0.657813
0 0.212500 0.658594 0.213542 0.657813 0.214583 0.657813 0.212500 0.657813
0 0.160417 0.661719 0.165625 0.657031 0.167708 0.657813 0.162500 0.663281
0 0.157292 0.657813 0.157292 0.657813 0.157292 0.657813 0.157292 0.657813
0 0.150000 0.657813 0.150000 0.657813 0.150000 0.657813 0.150000 0.657813
0 0.131250 0.658594 0.134375 0.657813 0.138542 0.661719 0.135417 0.663281
0 0.056250 0.657813 0.056250 0.657813 0.056250 0.657813 0.056250 0.657813
0 0.001042 0.657813 0.001042 0.657813 0.000000 0.657813 0.000000 0.657813
0 0.343750 0.657813 0.344792 0.657031 0.345833 0.657813 0.344792 0.658594
0 0.277083 0.657031 0.283333 0.656250 0.284375 0.657813 0.278125 0.659375
0 0.169792 0.655469 0.175000 0.655469 0.175000 0.658594 0.169792 0.658594
0 0.196875 0.653906 0.200000 0.651563 0.203125 0.653906 0.200000 0.656250
0 0.351042 0.653906 0.355208 0.650781 0.358333 0.653125 0.354167 0.656250
0 0.333333 0.656250 0.333333 0.652344 0.335417 0.652344 0.335417 0.656250
0 0.314583 0.650000 0.314583 0.650000 0.313542 0.650000 0.313542 0.650000
0 0.298958 0.650000 0.298958 0.650000 0.296875 0.650000 0.296875 0.650000
0 0.286458 0.650781 0.291667 0.649219 0.298958 0.660937 0.293750 0.662500
0 0.205208 0.650781 0.205208 0.650781 0.205208 0.650000 0.205208 0.650000
0 0.375000 0.649219 0.387500 0.649219 0.387500 0.655469 0.375000 0.655469
0 0.298958 0.655469 0.302083 0.647656 0.307292 0.649219 0.303125 0.657031
0 0.282292 0.649219 0.282292 0.650781 0.283333 0.650781 0.283333 0.649219
0 0.176042 0.653125 0.181250 0.648438 0.184375 0.650000 0.179167 0.654687
0 0.302083 0.646094 0.302083 0.646094 0.302083 0.646094 0.302083 0.646094
0 0.336458 0.650000 0.347917 0.642969 0.352083 0.646875 0.340625 0.653906
0 0.191667 0.646094 0.192708 0.645312 0.192708 0.645312 0.191667 0.646094
0 0.282292 0.642188 0.282292 0.642188 0.282292 0.642188 0.282292 0.642188
0 0.251042 0.642188 0.251042 0.642188 0.251042 0.642188 0.251042 0.642188
0 0.196875 0.642188 0.196875 0.642188 0.196875 0.642188 0.196875 0.642188
0 0.227083 0.642188 0.228125 0.641406 0.228125 0.641406 0.227083 0.642188
0 0.025000 0.641406 0.032292 0.640625 0.034375 0.645312 0.027083 0.646875
0 0.371875 0.638281 0.371875 0.638281 0.370833 0.638281 0.370833 0.638281
0 0.225000 0.638281 0.225000 0.638281 0.223958 0.638281 0.223958 0.638281
0 0.171875 0.638281 0.171875 0.638281 0.169792 0.638281 0.169792 0.638281
0 0.037500 0.638281 0.037500 0.638281 0.036458 0.638281 0.036458 0.638281
0 0.277083 0.636719 0.279167 0.636719 0.279167 0.639062 0.277083 0.639062
0 0.256250 0.639062 0.262500 0.635156 0.265625 0.638281 0.259375 0.642188
0 0.359375 0.634375 0.365625 0.634375 0.365625 0.639062 0.359375 0.639062
0 0.251042 0.634375 0.255208 0.634375 0.255208 0.635156 0.251042 0.635156
0 0.009375 0.634375 0.009375 0.634375 0.007292 0.634375 0.007292 0.634375
0 0.315625 0.639062 0.317708 0.632812 0.330208 0.634375 0.328125 0.640625
0 0.270833 0.633594 0.272917 0.633594 0.272917 0.635156 0.270833 0.635156
0 0.208333 0.633594 0.211458 0.633594 0.211458 0.635938 0.208333 0.635938
0 0.279167 0.630469 0.279167 0.630469 0.279167 0.630469 0.279167 0.630469
0 0.279167 0.635156 0.293750 0.620313 0.336458 0.644531 0.322917 0.658594
0 0.321875 0.630469 0.325000 0.625000 0.328125 0.625781 0.325000 0.631250
0 0.282292 0.626563 0.282292 0.626563 0.282292 0.626563 0.282292 0.626563
0 0.204167 0.626563 0.204167 0.626563 0.204167 0.626563 0.204167 0.626563
0 0.023958 0.627344 0.025000 0.628125 0.027083 0.626563 0.023958 0.626563
0 0.290625 0.628906 0.297917 0.623437 0.302083 0.626563 0.294792 0.632031
0 0.313542 0.625000 0.313542 0.627344 0.314583 0.627344 0.314583 0.625781
0 0.218750 0.625000 0.222917 0.625000 0.222917 0.629687 0.218750 0.629687
0 0.317708 0.622656 0.317708 0.622656 0.317708 0.622656 0.317708 0.622656
0 0.270833 0.622656 0.270833 0.622656 0.270833 0.622656 0.270833 0.622656
0 0.241667 0.626563 0.248958 0.621875 0.251042 0.623437 0.244792 0.628906
0 0.223958 0.623437 0.227083 0.623437 0.228125 0.622656 0.223958 0.622656
0 0.067708 0.622656 0.067708 0.622656 0.067708 0.622656 0.067708 0.622656
0 0.286458 0.621875 0.285417 0.622656 0.286458 0.623437 0.287500 0.622656
0 0.119792 0.625781 0.130208 0.621094 0.133333 0.625000 0.122917 0.629687
0 0.338542 0.622656 0.344792 0.617969 0.351042 0.622656 0.344792 0.627344
0 0.321875 0.618750 0.321875 0.618750 0.321875 0.618750 0.321875 0.618750
0 0.306250 0.620313 0.306250 0.620313 0.306250 0.618750 0.306250 0.618750
0 0.257292 0.618750 0.257292 0.618750 0.254167 0.618750 0.254167 0.618750
0 0.134375 0.621094 0.140625 0.617188 0.146875 0.623437 0.140625 0.627344
0 0.290625 0.619531 0.290625 0.617969 0.298958 0.617969 0.298958 0.619531
0 0.234375 0.618750 0.236458 0.617188 0.237500 0.617969 0.235417 0.619531
0 0.263542 0.614844 0.263542 0.614844 0.263542 0.614844 0.263542 0.614844
0 0.161458 0.614844 0.161458 0.614844 0.161458 0.614844 0.161458 0.614844
0 0.144792 0.614062 0.147917 0.612500 0.152083 0.619531 0.148958 0.621094
0 0.302083 0.615625 0.302083 0.615625 0.302083 0.613281 0.302083 0.613281
0 0.219792 0.610938 0.219792 0.610938 0.218750 0.610938 0.218750 0.610938
0 0.055208 0.610938 0.056250 0.610156 0.057292 0.610938 0.056250 0.611719
0 0.176042 0.610156 0.182292 0.610156 0.182292 0.612500 0.176042 0.612500
0 0.247917 0.610156 0.252083 0.607812 0.254167 0.609375 0.251042 0.612500
0 0.138542 0.607031 0.138542 0.607031 0.137500 0.607031 0.137500 0.607031
0 0.151042 0.610156 0.161458 0.605469 0.163542 0.608594 0.153125 0.613281
0 0.222917 0.608594 0.222917 0.604688 0.226042 0.604688 0.226042 0.608594
0 0.260417 0.603125 0.259375 0.603125 0.259375 0.604688 0.259375 0.603906
0 0.125000 0.603125 0.128125 0.601562 0.132292 0.606250 0.129167 0.607812
0 0.112500 0.599219 0.115625 0.599219 0.115625 0.603125 0.112500 0.603125
0 0.183333 0.599219 0.184375 0.598437 0.185417 0.598437 0.184375 0.599219
0 0.275000 0.595313 0.275000 0.595313 0.275000 0.595313 0.275000 0.595313
0 0.189583 0.595313 0.189583 0.595313 0.187500 0.595313 0.187500 0.595313
0 0.237500 0.596094 0.239583 0.593750 0.241667 0.595313 0.239583 0.597656
0 0.086458 0.595313 0.094792 0.592969 0.095833 0.595313 0.087500 0.597656
0 0.304167 0.591406 0.310417 0.591406 0.310417 0.600000 0.304167 0.600000
0 0.301042 0.591406 0.302083 0.590625 0.302083 0.590625 0.301042 0.591406
0 0.282292 0.590625 0.281250 0.591406 0.279167 0.591406 0.282292 0.591406
0 0.246875 0.590625 0.248958 0.590625 0.248958 0.592969 0.246875 0.592969
0 0.298958 0.587500 0.298958 0.587500 0.298958 0.587500 0.298958 0.587500
0 0.259375 0.587500 0.259375 0.587500 0.259375 0.587500 0.259375 0.587500
0 0.218750 0.587500 0.219792 0.586719 0.220833 0.587500 0.219792 0.588281
0 0.102083 0.587500 0.103125 0.586719 0.103125 0.586719 0.102083 0.587500
0 0.182292 0.587500 0.185417 0.585156 0.187500 0.586719 0.184375 0.589063
0 0.220833 0.579688 0.220833 0.579688 0.219792 0.579688 0.219792 0.579688
0 0.117708 0.579688 0.122917 0.579688 0.122917 0.581250 0.117708 0.581250
0 0.288542 0.578906 0.294792 0.578906 0.294792 0.585938 0.288542 0.585938
0 0.160417 0.578906 0.161458 0.576562 0.162500 0.577344 0.161458 0.579688
0 0.192708 0.578125 0.195833 0.575781 0.200000 0.579688 0.196875 0.582031
0 0.193750 0.575781 0.193750 0.575781 0.192708 0.575781 0.192708 0.575781
0 0.167708 0.575781 0.168750 0.575000 0.168750 0.575781 0.167708 0.576562
0 0.237500 0.575781 0.239583 0.575000 0.240625 0.575781 0.239583 0.577344
0 0.280208 0.571875 0.286458 0.571875 0.286458 0.577344 0.280208 0.577344
0 0.273958 0.571094 0.275000 0.571094 0.276042 0.571875 0.275000 0.571875
0 0.130208 0.571875 0.134375 0.570312 0.135417 0.571875 0.130208 0.572656
0 0.208333 0.567969 0.208333 0.567969 0.208333 0.567969 0.208333 0.567969
0 0.141667 0.564063 0.143750 0.564063 0.143750 0.565625 0.141667 0.565625
0 0.226042 0.562500 0.230208 0.562500 0.230208 0.564844 0.226042 0.564844
0 0.261458 0.563281 0.266667 0.559375 0.275000 0.564844 0.270833 0.568750
0 0.259375 0.560156 0.259375 0.560156 0.259375 0.559375 0.259375 0.559375
0 0.195833 0.556250 0.197917 0.556250 0.197917 0.557813 0.195833 0.557813
0 0.181250 0.556250 0.181250 0.556250 0.181250 0.556250 0.181250 0.556250
0 0.254167 0.556250 0.255208 0.554688 0.257292 0.556250 0.255208 0.557031
0 0.219792 0.555469 0.238542 0.553906 0.239583 0.560156 0.220833 0.561719
0 0.144792 0.559375 0.163542 0.552344 0.167708 0.557031 0.148958 0.564063
0 0.465625 0.552344 0.465625 0.552344 0.465625 0.552344 0.465625 0.552344
0 0.251042 0.552344 0.251042 0.552344 0.251042 0.551562 0.251042 0.551562
0 0.164583 0.548438 0.182292 0.546875 0.183333 0.549219 0.165625 0.550000
0 0.239583 0.544531 0.239583 0.544531 0.239583 0.543750 0.239583 0.543750
0 0.214583 0.544531 0.219792 0.539844 0.226042 0.543750 0.220833 0.548438
0 0.184375 0.542969 0.194792 0.537500 0.197917 0.540625 0.186458 0.546094
0 0.472917 0.532813 0.470833 0.532813 0.470833 0.535156 0.470833 0.534375
0 0.475000 0.532813 0.445833 0.610938 0.606250 0.664062 0.631250 0.586719
0 0.204167 0.532813 0.207292 0.525000 0.235417 0.529687 0.232292 0.538281
0 0.678125 0.502344 0.681250 0.500781 0.684375 0.504687 0.681250 0.506250
0 0.491667 0.501563 0.492708 0.500781 0.494792 0.505469 0.492708 0.505469
0 0.303125 0.489844 0.261458 0.550781 0.426042 0.601562 0.458333 0.535937
0 0.684375 0.486719 0.688542 0.482812 0.693750 0.485938 0.689583 0.489844
0 0.458333 0.508594 0.577083 0.439063 0.844792 0.696875 0.726042 0.766406
0 0.631250 0.579688 0.708333 0.460156 0.888542 0.525781 0.811458 0.645312
0 0.000000 0.444531 0.000000 0.521094 0.158333 0.538281 0.179167 0.469531
0 0.743750 0.409375 0.719792 0.450781 0.846875 0.501563 0.863542 0.458594
0 0.719792 0.377344 0.719792 0.377344 0.719792 0.374219 0.719792 0.374219
0 0.720833 0.367188 0.719792 0.367188 0.719792 0.371875 0.720833 0.371094
0 0.103125 0.360938 0.103125 0.360938 0.103125 0.360938 0.103125 0.360938
0 0.003125 0.364844 0.004167 0.421094 0.182292 0.418750 0.177083 0.364063
0 0.719792 0.359375 0.719792 0.361719 0.720833 0.361719 0.720833 0.359375
0 0.317708 0.471094 0.394792 0.349219 0.703125 0.459375 0.626042 0.581250
0 0.717708 0.352344 0.720833 0.351562 0.725000 0.356250 0.722917 0.357812
0 0.723958 0.350000 0.723958 0.350000 0.723958 0.349219 0.723958 0.349219
0 0.418750 0.349219 0.418750 0.349219 0.418750 0.349219 0.418750 0.349219
0 0.415625 0.345313 0.415625 0.345313 0.415625 0.345313 0.415625 0.345313
0 0.409375 0.345313 0.409375 0.345313 0.407292 0.345313 0.407292 0.345313
0 0.705208 0.337500 0.705208 0.337500 0.704167 0.337500 0.704167 0.337500
0 0.563542 0.334375 0.563542 0.334375 0.563542 0.333594 0.563542 0.333594
0 0.611458 0.329688 0.611458 0.329688 0.610417 0.329688 0.610417 0.329688
0 0.598958 0.325781 0.598958 0.325781 0.598958 0.325781 0.598958 0.325781
0 0.357292 0.326562 0.357292 0.326562 0.357292 0.325781 0.357292 0.325781
0 0.602083 0.321875 0.602083 0.321094 0.603125 0.321875 0.603125 0.322656
0 0.595833 0.321875 0.595833 0.321875 0.595833 0.321875 0.595833 0.321875
0 0.598958 0.317969 0.598958 0.317969 0.598958 0.317969 0.598958 0.317969
0 0.731250 0.317188 0.731250 0.317969 0.732292 0.317969 0.732292 0.317188
0 0.594792 0.314063 0.594792 0.314063 0.594792 0.314063 0.594792 0.314063
0 0.603125 0.314063 0.603125 0.314063 0.603125 0.311719 0.603125 0.311719
0 0.661458 0.310156 0.661458 0.310156 0.661458 0.310156 0.661458 0.310156
0 0.616667 0.310156 0.616667 0.310156 0.611458 0.310156 0.611458 0.310156
0 0.371875 0.310156 0.371875 0.310156 0.370833 0.310156 0.370833 0.310156
0 0.565625 0.309375 0.567708 0.307812 0.569792 0.309375 0.567708 0.310937
0 0.597917 0.310156 0.602083 0.305469 0.604167 0.307031 0.600000 0.310937
0 0.594792 0.306250 0.594792 0.307812 0.595833 0.308594 0.595833 0.306250
0 0.571875 0.307031 0.571875 0.307031 0.571875 0.306250 0.571875 0.306250
0 0.705208 0.342969 0.716667 0.303906 0.737500 0.307812 0.725000 0.346875
0 0.563542 0.306250 0.564583 0.305469 0.565625 0.306250 0.564583 0.307031
0 0.669792 0.305469 0.672917 0.303906 0.679167 0.309375 0.676042 0.311719
0 0.685417 0.309375 0.689583 0.301563 0.698958 0.305469 0.693750 0.312500
0 0.701042 0.304688 0.707292 0.300781 0.714583 0.307031 0.708333 0.310937
0 0.583333 0.302344 0.583333 0.302344 0.583333 0.302344 0.583333 0.302344
0 0.560417 0.302344 0.560417 0.302344 0.560417 0.302344 0.560417 0.302344
0 0.552083 0.302344 0.552083 0.302344 0.552083 0.302344 0.552083 0.302344
0 0.371875 0.301563 0.372917 0.301563 0.372917 0.304688 0.371875 0.304688
0 0.565625 0.303125 0.567708 0.300781 0.569792 0.301563 0.567708 0.303906
0 0.556250 0.298438 0.556250 0.298438 0.556250 0.298438 0.556250 0.298438
0 0.657292 0.298438 0.658333 0.297656 0.658333 0.297656 0.657292 0.298438
0 0.578125 0.299219 0.578125 0.297656 0.580208 0.297656 0.580208 0.299219
0 0.571875 0.297656 0.570833 0.298438 0.571875 0.299219 0.572917 0.298438
0 0.562500 0.297656 0.563542 0.297656 0.564583 0.298438 0.563542 0.298438
0 0.377083 0.297656 0.376042 0.297656 0.376042 0.299219 0.377083 0.298438
0 0.565625 0.294531 0.565625 0.294531 0.563542 0.294531 0.563542 0.294531
0 0.552083 0.294531 0.552083 0.294531 0.552083 0.294531 0.552083 0.294531
0 0.380208 0.294531 0.380208 0.294531 0.380208 0.294531 0.380208 0.294531
0 0.556250 0.292187 0.556250 0.292187 0.556250 0.290625 0.556250 0.290625
0 0.547917 0.290625 0.547917 0.290625 0.547917 0.290625 0.547917 0.290625
0 0.540625 0.290625 0.540625 0.290625 0.540625 0.290625 0.540625 0.290625
0 0.532292 0.290625 0.532292 0.290625 0.532292 0.290625 0.532292 0.290625
0 0.525000 0.290625 0.525000 0.290625 0.525000 0.290625 0.525000 0.290625
0 0.391667 0.290625 0.391667 0.290625 0.391667 0.290625 0.391667 0.290625
0 0.655208 0.293750 0.658333 0.286719 0.691667 0.295312 0.688542 0.302344
0 0.422917 0.282813 0.422917 0.282813 0.422917 0.282813 0.422917 0.282813
0 0.532292 0.281250 0.532292 0.282813 0.533333 0.282813 0.533333 0.282031
0 0.631250 0.278906 0.631250 0.278906 0.626042 0.278906 0.626042 0.278906
0 0.614583 0.278906 0.614583 0.278906 0.614583 0.278906 0.614583 0.278906
0 0.513542 0.279687 0.514583 0.279687 0.515625 0.278906 0.513542 0.278906
0 0.404167 0.278906 0.404167 0.278906 0.403125 0.278906 0.403125 0.278906
0 0.596875 0.277344 0.598958 0.276562 0.600000 0.278125 0.597917 0.278906
0 0.393750 0.278125 0.395833 0.277344 0.396875 0.278125 0.395833 0.279687
0 0.611458 0.275000 0.611458 0.275000 0.610417 0.275000 0.610417 0.275000
0 0.594792 0.275000 0.595833 0.275781 0.595833 0.276562 0.595833 0.275000
0 0.407292 0.275000 0.407292 0.275000 0.407292 0.275000 0.407292 0.275000
0 0.398958 0.273438 0.401042 0.273438 0.401042 0.275781 0.398958 0.275781
0 0.385417 0.279687 0.391667 0.272656 0.394792 0.274219 0.388542 0.281250
0 0.402083 0.271094 0.403125 0.270313 0.404167 0.271094 0.403125 0.271875
0 0.396875 0.270313 0.395833 0.270313 0.395833 0.271875 0.396875 0.271094
0 0.411458 0.309375 0.441667 0.264062 0.716667 0.365625 0.686458 0.411719
0 0.427083 0.263281 0.427083 0.263281 0.427083 0.263281 0.427083 0.263281
0 0.423958 0.259375 0.423958 0.259375 0.422917 0.259375 0.422917 0.259375
0 0.415625 0.259375 0.415625 0.259375 0.415625 0.259375 0.415625 0.259375
0 0.394792 0.267188 0.403125 0.253125 0.409375 0.254688 0.401042 0.269531
0 0.527083 0.247656 0.536458 0.247656 0.536458 0.249219 0.527083 0.249219
0 0.473958 0.247656 0.473958 0.247656 0.473958 0.247656 0.473958 0.247656
0 0.488542 0.247656 0.491667 0.247656 0.490625 0.246875 0.489583 0.246875
0 0.425000 0.246875 0.427083 0.245312 0.429167 0.246875 0.427083 0.248438
0 0.478125 0.244531 0.478125 0.244531 0.478125 0.243750 0.478125 0.243750
0 0.512500 0.242969 0.522917 0.242969 0.522917 0.247656 0.512500 0.247656
0 0.491667 0.243750 0.493750 0.242969 0.494792 0.243750 0.493750 0.245312
0 0.484375 0.243750 0.485417 0.242969 0.486458 0.243750 0.485417 0.244531
0 0.429167 0.243750 0.430208 0.242188 0.432292 0.243750 0.430208 0.244531
0 0.497917 0.243750 0.504167 0.239063 0.511458 0.244531 0.505208 0.249219
0 0.493750 0.235937 0.493750 0.235937 0.493750 0.235937 0.493750 0.235937
0 0.431250 0.235937 0.431250 0.235937 0.431250 0.235937 0.431250 0.235937
0 0.481250 0.232031 0.486458 0.232031 0.486458 0.235156 0.481250 0.235156
0 0.442708 0.232031 0.442708 0.232031 0.442708 0.232031 0.442708 0.232031
0 0.435417 0.232031 0.435417 0.232031 0.434375 0.232031 0.434375 0.232031
0 0.426042 0.231250 0.428125 0.231250 0.428125 0.232813 0.426042 0.232813
0 0.467708 0.228125 0.469792 0.226562 0.476042 0.232031 0.472917 0.233594
0 0.462500 0.228125 0.462500 0.228125 0.462500 0.228125 0.462500 0.228125
0 0.446875 0.228125 0.446875 0.228125 0.446875 0.228125 0.446875 0.228125
0 0.438542 0.228125 0.438542 0.228125 0.438542 0.228125 0.438542 0.228125
0 0.430208 0.226562 0.432292 0.226562 0.432292 0.229687 0.430208 0.229687
0 0.455208 0.225781 0.454167 0.226562 0.454167 0.228125 0.455208 0.228125
0 0.458333 0.224219 0.458333 0.224219 0.458333 0.224219 0.458333 0.224219
0 0.433333 0.225000 0.433333 0.221875 0.435417 0.221875 0.435417 0.225000
0 0.405208 0.251563 0.423958 0.212500 0.437500 0.216406 0.418750 0.255469