0 0.473958 0.485938 0.382292 0.525000 0.414583 0.567969 0.502083 0.528906
0 0.263542 0.478125 0.198958 0.504687 0.257292 0.577344 0.319792 0.550000
0 0.547917 0.475000 0.515625 0.513281 0.594792 0.556250 0.627083 0.516406
0 0.415625 0.433594 0.319792 0.465625 0.347917 0.513281 0.442708 0.478906
0 0.556250 0.416406 0.459375 0.423438 0.465625 0.472656 0.559375 0.467187
0 0.645833 0.400781 0.590625 0.407031 0.603125 0.481250 0.658333 0.475000
0 0.312500 0.397656 0.204167 0.419531 0.227083 0.471875 0.335417 0.446875
0 0.543750 0.353125 0.442708 0.361719 0.452083 0.411719 0.547917 0.401562
0 0.334375 0.332813 0.221875 0.346875 0.239583 0.398438 0.348958 0.382812
0 0.402083 0.298438 0.352083 0.367188 0.411458 0.393750 0.460417 0.326562
0 0.579167 0.286719 0.536458 0.315625 0.596875 0.376563 0.640625 0.347656