0 0.273958 0.678906 0.248958 0.742969 0.380208 0.771094 0.403125 0.705469
0 0.540625 0.635156 0.462500 0.655469 0.501042 0.755469 0.581250 0.736719
0 0.821875 0.622656 0.725000 0.692969 0.784375 0.739844 0.878125 0.669531
0 0.595833 0.524219 0.570833 0.617969 0.654167 0.633594 0.675000 0.538281
0 0.189583 0.514062 0.183333 0.572656 0.315625 0.571875 0.319792 0.513281
0 0.759375 0.503125 0.744792 0.598437 0.826042 0.610938 0.841667 0.514844
0 0.404167 0.488281 0.401042 0.582812 0.483333 0.584375 0.482292 0.489844
0 0.886458 0.414062 0.804167 0.481250 0.867708 0.522656 0.946875 0.454688
0 0.292708 0.382812 0.217708 0.406250 0.270833 0.491406 0.343750 0.467187
0 0.598958 0.371094 0.520833 0.375000 0.528125 0.462500 0.607292 0.458594
0 0.702083 0.337500 0.632292 0.360938 0.688542 0.445312 0.759375 0.420312
0 0.410417 0.300781 0.381250 0.388281 0.455208 0.399219 0.483333 0.313281
0 0.087500 0.282813 0.062500 0.335938 0.183333 0.360938 0.205208 0.307812
0 0.239583 0.227344 0.225000 0.314844 0.303125 0.322656 0.316667 0.235937
0 0.616667 0.225000 0.541667 0.294531 0.602083 0.328125 0.672917 0.260937