0 0.646875 0.620833 0.653125 0.830208 0.771094 0.843750 0.751563 0.631250
0 0.489844 0.607292 0.472656 0.812500 0.581250 0.827083 0.588281 0.617708
0 0.260937 0.581250 0.168750 0.587500 0.127344 0.777083 0.229687 0.772917
0 0.343750 0.578125 0.317188 0.775000 0.420312 0.776042 0.435937 0.579167
0 0.641406 0.414583 0.650000 0.576042 0.750000 0.576042 0.729688 0.418750
0 0.507031 0.400000 0.501563 0.552083 0.595313 0.553125 0.591406 0.403125
0 0.224219 0.398958 0.183594 0.544792 0.271094 0.550000 0.303906 0.403125
0 0.450000 0.396875 0.367969 0.400000 0.352344 0.548958 0.442969 0.545833
0 0.632812 0.248958 0.633594 0.371875 0.719531 0.372917 0.710156 0.252083
0 0.521094 0.247917 0.506250 0.364583 0.587500 0.371875 0.596094 0.253125
0 0.389062 0.243750 0.367188 0.356250 0.446094 0.361458 0.461719 0.247917
0 0.337500 0.243750 0.265625 0.242708 0.239063 0.356250 0.317969 0.354167