0 0.342187 0.692708 0.264062 0.704167 0.255469 0.860417 0.343750 0.841667
0 0.444531 0.676042 0.368750 0.685417 0.371875 0.833333 0.457813 0.817708
0 0.541406 0.665625 0.467969 0.673958 0.482031 0.820833 0.564063 0.805208
0 0.623437 0.661458 0.553125 0.672917 0.579688 0.813542 0.661719 0.798958
0 0.642188 0.653125 0.642188 0.653125 0.642188 0.650000 0.642188 0.650000
0 0.898438 0.661458 0.964063 0.613542 1.032031 0.780208 0.966406 0.828125
0 0.638281 0.645833 0.638281 0.645833 0.636719 0.645833 0.636719 0.645833
0 0.632031 0.622917 0.633594 0.622917 0.634375 0.623958 0.635156 0.622917
0 0.341406 0.544792 0.271875 0.557292 0.271094 0.666667 0.349219 0.648958
0 0.423438 0.533333 0.357031 0.544792 0.367188 0.653125 0.439844 0.635417
0 0.521094 0.523958 0.457813 0.527083 0.466406 0.629167 0.535937 0.622917
0 0.598437 0.520833 0.535937 0.525000 0.553906 0.627083 0.622656 0.621875
0 0.407031 0.515625 0.411719 0.513542 0.412500 0.516667 0.407813 0.518750
0 0.403906 0.511458 0.403906 0.505208 0.404687 0.505208 0.404687 0.511458
0 0.338281 0.416667 0.278125 0.421875 0.275781 0.505208 0.342187 0.493750
0 0.419531 0.407292 0.362500 0.415625 0.368750 0.491667 0.432031 0.478125
0 0.450781 0.406250 0.456250 0.482292 0.517188 0.477083 0.507031 0.404167
0 0.522656 0.402083 0.532813 0.480208 0.592969 0.477083 0.577344 0.397917