0 0.644792 0.708594 0.617708 0.800781 0.789583 0.864062 0.811458 0.768750
0 0.660417 0.584375 0.635417 0.665625 0.805208 0.717187 0.821875 0.634375
0 0.333333 0.571094 0.292708 0.661719 0.492708 0.710156 0.521875 0.617969
0 0.672917 0.464844 0.631250 0.526563 0.781250 0.599219 0.817708 0.533594
0 0.457292 0.439844 0.394792 0.501563 0.544792 0.585938 0.602083 0.521094
0 0.126042 0.405469 0.040625 0.471875 0.214583 0.563281 0.292708 0.489844
0 0.714583 0.388281 0.672917 0.444531 0.808333 0.515625 0.847917 0.458594
0 0.477083 0.334375 0.414583 0.382031 0.545833 0.470313 0.605208 0.418750
0 0.196875 0.275781 0.113542 0.323437 0.257292 0.415625 0.335417 0.360156
0 0.532292 0.264062 0.491667 0.310156 0.631250 0.378125 0.668750 0.325781
0 0.216667 0.260937 0.348958 0.350781 0.418750 0.306250 0.290625 0.224219
0 0.360417 0.181250 0.312500 0.228125 0.458333 0.295312 0.500000 0.243750