0 0.481250 0.738281 0.384375 0.755469 0.407292 0.890625 0.512500 0.871094
0 0.265625 0.633594 0.220833 0.747656 0.317708 0.761719 0.353125 0.643750
0 0.389583 0.632812 0.384375 0.705469 0.536458 0.704688 0.536458 0.632031
0 0.526042 0.787500 0.609375 0.564063 0.780208 0.600000 0.696875 0.823438
0 0.516667 0.536719 0.377083 0.550781 0.381250 0.614062 0.525000 0.599219
0 0.302083 0.507812 0.201042 0.582812 0.259375 0.623437 0.360417 0.544531
0 0.720833 0.476562 0.681250 0.526563 0.815625 0.579688 0.854167 0.522656
0 0.576042 0.455469 0.506250 0.486719 0.578125 0.567187 0.651042 0.531250
0 0.415625 0.435156 0.415625 0.435156 0.414583 0.435156 0.414583 0.435156
0 0.376042 0.428906 0.313542 0.467969 0.400000 0.529687 0.461458 0.484375
0 0.669792 0.373437 0.591667 0.384375 0.615625 0.466406 0.701042 0.454688
0 0.489583 0.358594 0.417708 0.380469 0.469792 0.452344 0.543750 0.423438