0 0.163086 0.644097 0.114258 0.897569 0.208984 0.927083 0.250488 0.673611
0 0.375977 0.630208 0.290039 0.638021 0.279297 0.897569 0.368164 0.895833
0 0.651855 0.563368 0.560547 0.572049 0.573730 0.815104 0.672363 0.809896
0 0.436523 0.548611 0.422363 0.803819 0.513184 0.816840 0.522461 0.556424
0 0.216797 0.351562 0.149414 0.536458 0.225586 0.581597 0.289551 0.391493
0 0.344727 0.325521 0.294922 0.519097 0.376953 0.555556 0.420410 0.356771
0 0.477539 0.284722 0.451172 0.481771 0.535156 0.506076 0.556641 0.306424
0 0.589844 0.281250 0.570801 0.486111 0.657715 0.509549 0.674316 0.296875
0 0.303711 0.098958 0.227539 0.114583 0.224609 0.277778 0.307129 0.263889
0 0.413574 0.079861 0.339355 0.086806 0.329590 0.261285 0.407715 0.256076
0 0.520508 0.056424 0.446289 0.083333 0.466797 0.254340 0.543945 0.223958
0 0.637695 0.028646 0.561523 0.042535 0.571777 0.217014 0.651367 0.202257