0 0.334375 0.666406 0.304167 0.868750 0.469792 0.883594 0.493750 0.678906
0 0.251042 0.664844 0.088542 0.673438 0.093750 0.876563 0.262500 0.865625
0 0.704167 0.658594 0.543750 0.671094 0.570833 0.875000 0.738542 0.861719
0 0.788542 0.632812 0.768750 0.833594 0.938542 0.851562 0.951042 0.644531
0 0.255208 0.455469 0.098958 0.460938 0.095833 0.650000 0.255208 0.646094
0 0.481250 0.444531 0.325000 0.446875 0.326042 0.636719 0.487500 0.632812
0 0.705208 0.434375 0.547917 0.443750 0.567708 0.632031 0.730208 0.622656
0 0.766667 0.430469 0.757292 0.618750 0.922917 0.628906 0.927083 0.438281
0 0.108333 0.261719 0.102083 0.442188 0.256250 0.440625 0.261458 0.263281
0 0.476042 0.251563 0.322917 0.256250 0.330208 0.435937 0.482292 0.430469
0 0.672917 0.233594 0.521875 0.247656 0.554167 0.426563 0.709375 0.408594
0 0.779167 0.224219 0.753125 0.399219 0.912500 0.415625 0.934375 0.239063