0 0.169375 0.740000 0.083125 0.749167 0.028750 0.915000 0.130625 0.904167
0 0.285625 0.725833 0.200625 0.735000 0.165625 0.901667 0.265625 0.887500
0 0.397500 0.710000 0.313125 0.720000 0.296875 0.879167 0.392500 0.867500
0 0.506250 0.681667 0.424375 0.696667 0.435000 0.849167 0.527500 0.830000
0 0.626875 0.665833 0.545625 0.671667 0.560000 0.819167 0.653125 0.810000
0 0.643125 0.642500 0.677500 0.782500 0.763750 0.775000 0.722500 0.636667
0 0.220625 0.571667 0.148750 0.581667 0.120000 0.698333 0.204375 0.686667
0 0.323125 0.560000 0.250000 0.563333 0.225625 0.676667 0.306250 0.670833
0 0.420625 0.548333 0.407500 0.657500 0.486250 0.659167 0.490000 0.548333
0 0.341250 0.545000 0.316250 0.654167 0.394375 0.655833 0.411250 0.547500
0 0.583750 0.524167 0.516875 0.536667 0.544375 0.642500 0.617500 0.626667
0 0.639375 0.521667 0.673125 0.625000 0.748750 0.613333 0.707500 0.512500
0 0.255000 0.454167 0.190625 0.460000 0.165000 0.545000 0.235000 0.539167
0 0.410000 0.445833 0.346250 0.455000 0.345625 0.539167 0.415625 0.527500
0 0.331875 0.446667 0.268125 0.450833 0.251875 0.535833 0.322500 0.530833
0 0.487500 0.430000 0.426875 0.439167 0.435625 0.519167 0.502500 0.509167
0 0.581250 0.418333 0.520625 0.426667 0.540000 0.505833 0.605000 0.494167
0 0.601875 0.425000 0.629375 0.503333 0.694375 0.494167 0.661875 0.416667