0 0.604167 0.638281 0.503125 0.639844 0.507292 0.760156 0.607292 0.758594
0 0.340625 0.619531 0.329167 0.740625 0.431250 0.745313 0.441667 0.624219
0 0.225000 0.600000 0.148958 0.708594 0.239583 0.742188 0.316667 0.634375
0 0.689583 0.596094 0.676042 0.716406 0.773958 0.722656 0.788542 0.603125
0 0.196875 0.463281 0.183333 0.585938 0.286458 0.591406 0.298958 0.470313
0 0.538542 0.452344 0.534375 0.573438 0.634375 0.575000 0.638542 0.454688
0 0.372917 0.450781 0.371875 0.571875 0.472917 0.571875 0.473958 0.451562
0 0.701042 0.374219 0.672917 0.492969 0.775000 0.505469 0.796875 0.387500
0 0.560417 0.306250 0.541667 0.428125 0.640625 0.435937 0.659375 0.317188
0 0.217708 0.303125 0.196875 0.426563 0.297917 0.438281 0.322917 0.317969
0 0.469792 0.296875 0.367708 0.308594 0.394792 0.429688 0.493750 0.417187