0 0.321181 0.639648 0.250000 0.762207 0.392361 0.775879 0.452257 0.646484
0 0.760417 0.636230 0.755208 0.750977 0.927083 0.765137 0.912326 0.645996
0 0.118056 0.631348 0.000000 0.740723 0.138889 0.768555 0.245660 0.653809
0 0.557292 0.613281 0.500000 0.736328 0.653646 0.755371 0.695312 0.625977
0 0.822917 0.516113 0.782118 0.606934 0.926215 0.624023 0.960069 0.529297
0 0.347222 0.533691 0.243056 0.513672 0.125000 0.588379 0.236111 0.612793
0 0.440972 0.511719 0.343750 0.585938 0.461806 0.609375 0.550347 0.531250
0 0.644097 0.506836 0.585938 0.587891 0.720486 0.608398 0.768229 0.523438
0 0.732639 0.420410 0.618056 0.426758 0.630208 0.494141 0.752604 0.489746
0 0.462674 0.419922 0.425347 0.485840 0.541667 0.491699 0.572917 0.423828
0 0.305556 0.419434 0.276910 0.480469 0.394965 0.483887 0.412326 0.420898
0 0.794271 0.418945 0.798611 0.488281 0.927083 0.489258 0.914931 0.417480