0 0.234375 0.765625 0.139844 0.766667 0.142187 0.859375 0.236719 0.861458
0 0.677344 0.691667 0.545312 0.696875 0.548438 0.810417 0.681250 0.801042
0 0.344531 0.653125 0.304688 0.716667 0.370312 0.848958 0.410156 0.788542
0 0.155469 0.544792 0.125000 0.622917 0.204687 0.701042 0.235156 0.622917
0 0.532813 0.507292 0.509375 0.611458 0.634375 0.663542 0.657813 0.558333
0 0.375781 0.504167 0.328906 0.587500 0.423438 0.686458 0.468750 0.598958
0 0.720313 0.440625 0.680469 0.538542 0.803125 0.632292 0.850000 0.531250
0 0.146094 0.413542 0.128125 0.501042 0.216406 0.545833 0.234375 0.455208
0 0.392188 0.363542 0.360156 0.453125 0.458594 0.526042 0.492969 0.432292
0 0.531250 0.320833 0.521094 0.430208 0.653125 0.450000 0.664062 0.340625
0 0.734375 0.260417 0.685156 0.355208 0.802344 0.457292 0.853125 0.360417
0 0.487500 0.145833 0.411719 0.165625 0.426563 0.329167 0.500781 0.311458
0 0.727344 0.089583 0.678125 0.187500 0.794531 0.278125 0.849219 0.176042
0 0.290625 0.037500 0.236719 0.095833 0.290625 0.222917 0.347656 0.164583