0 0.165625 0.616667 0.055625 0.643333 0.008125 0.888333 0.126875 0.868333
0 0.533750 0.605000 0.411250 0.617500 0.393125 0.896667 0.536250 0.888333
0 0.360000 0.596667 0.245625 0.616667 0.212500 0.875000 0.343750 0.860833
0 0.697500 0.554167 0.568125 0.591667 0.613750 0.869167 0.764375 0.829167
0 0.240000 0.372500 0.146875 0.392500 0.106250 0.573333 0.208750 0.557500
0 0.388750 0.355833 0.286875 0.378333 0.267500 0.564167 0.381250 0.542500
0 0.552500 0.340833 0.443125 0.364167 0.445625 0.557500 0.565625 0.533333
0 0.689375 0.292500 0.578750 0.337500 0.625625 0.525000 0.751875 0.481667
0 0.278750 0.180833 0.195625 0.196667 0.163125 0.333333 0.248125 0.320000
0 0.405000 0.171667 0.315625 0.191667 0.296875 0.334167 0.393750 0.315000
0 0.575625 0.126667 0.481875 0.141667 0.471875 0.287500 0.576875 0.271667
0 0.717500 0.115000 0.615000 0.135000 0.625000 0.282500 0.740625 0.263333