0 0.294271 0.653320 0.228299 0.780273 0.370660 0.790039 0.421007 0.657715
0 -0.023438 0.768066 0.076389 0.635254 0.219618 0.669434 0.118924 0.802734
0 0.726562 0.636230 0.727431 0.753418 0.899306 0.762695 0.880208 0.641602
0 0.523438 0.619629 0.476562 0.748047 0.625868 0.761230 0.661458 0.628906
0 0.309028 0.545410 0.201389 0.528320 0.091146 0.609375 0.203993 0.629395
0 0.403646 0.519043 0.307292 0.599609 0.427951 0.618652 0.513021 0.536621
0 0.782986 0.510254 0.744792 0.602539 0.892361 0.617188 0.920139 0.520020
0 0.603299 0.507324 0.549479 0.590820 0.684028 0.608887 0.728299 0.519531
0 0.368056 0.427734 0.259549 0.429199 0.234375 0.493164 0.352431 0.492676
0 0.419271 0.423340 0.383681 0.493164 0.498264 0.496094 0.526910 0.424316
0 0.684896 0.415527 0.573785 0.425293 0.586806 0.493652 0.710069 0.486816
0 0.868056 0.406738 0.747396 0.412109 0.755208 0.482910 0.884549 0.479492