0 0.233333 0.618750 0.225000 0.685937 0.367708 0.692969 0.375000 0.625000
0 0.696875 0.583594 0.577083 0.593750 0.587500 0.657031 0.707292 0.646875
0 0.497917 0.521094 0.378125 0.559375 0.409375 0.616406 0.529167 0.578906
0 0.323958 0.521875 0.181250 0.531250 0.187500 0.597656 0.331250 0.584375
0 0.667708 0.466406 0.550000 0.476562 0.561458 0.535156 0.678125 0.525000
0 0.315625 0.433594 0.177083 0.439844 0.181250 0.502344 0.323958 0.494531
0 0.403125 0.419531 0.568750 0.321875 0.656250 0.404687 0.491667 0.502344
0 0.254167 0.359375 0.114583 0.359375 0.114583 0.420312 0.256250 0.419531
0 0.415625 0.318750 0.289583 0.329688 0.302083 0.388281 0.430208 0.377344
0 0.595833 0.310156 0.595833 0.310156 0.594792 0.310156 0.594792 0.310156
0 0.459375 0.298438 0.469792 0.355469 0.587500 0.353906 0.580208 0.298438