0 0.646875 0.678906 0.604167 0.807813 0.712500 0.834375 0.752083 0.704688
0 0.520833 0.653906 0.363542 0.695312 0.393750 0.775000 0.556250 0.732031
0 0.385417 0.524219 0.233333 0.562500 0.258333 0.632812 0.413542 0.593750
0 0.752083 0.521094 0.652083 0.525000 0.665625 0.647656 0.771875 0.644531
0 0.284375 0.426563 0.159375 0.493750 0.211458 0.550781 0.338542 0.482031
0 0.354167 0.418750 0.507292 0.380469 0.610417 0.614844 0.457292 0.653125
0 0.890625 0.387500 0.768750 0.451562 0.833333 0.510938 0.954167 0.443750
0 0.327083 0.314063 0.202083 0.372656 0.248958 0.425781 0.373958 0.367969
0 0.604167 0.302344 0.465625 0.339062 0.496875 0.400781 0.636458 0.363281
0 0.735417 0.298438 0.657292 0.385156 0.743750 0.422656 0.818750 0.332813
0 0.493750 0.210156 0.370833 0.263281 0.418750 0.314063 0.539583 0.260156