0 0.166667 0.648438 0.037500 0.673438 0.067708 0.812500 0.195833 0.781250
0 0.376042 0.630469 0.270833 0.645312 0.281250 0.775000 0.386458 0.755469
0 0.505208 0.622656 0.412500 0.634375 0.419792 0.757812 0.512500 0.742188
0 0.179167 0.489844 0.050000 0.493750 0.060417 0.640625 0.186458 0.626563
0 0.485417 0.471094 0.398958 0.482031 0.414583 0.603906 0.504167 0.588281
0 0.361458 0.464844 0.255208 0.475000 0.276042 0.605469 0.382292 0.588281
0 0.407292 0.324219 0.417708 0.450000 0.510417 0.447656 0.500000 0.328125
0 0.138542 0.321094 0.007292 0.328906 0.053125 0.479687 0.178125 0.459375
0 0.253125 0.312500 0.257292 0.450000 0.364583 0.450781 0.361458 0.321875
0 0.000000 0.141406 0.007292 0.297656 0.142708 0.300000 0.119792 0.153125
0 0.217708 0.141406 0.237500 0.282813 0.350000 0.284375 0.331250 0.152344
0 0.371875 0.140625 0.395833 0.273438 0.491667 0.271094 0.466667 0.145313