0 0.587500 0.700000 0.580208 0.803906 0.733333 0.793750 0.739583 0.700000
0 0.766667 0.688281 0.758333 0.781250 0.884375 0.784375 0.894792 0.699219
0 0.313542 0.679688 0.283333 0.798438 0.496875 0.803906 0.520833 0.699219
0 0.794792 0.560937 0.775000 0.648438 0.898958 0.666406 0.915625 0.585156
0 0.614583 0.536719 0.597917 0.634375 0.747917 0.646094 0.764583 0.557031
0 0.383333 0.502344 0.354167 0.610938 0.551042 0.632812 0.571875 0.533594
0 0.812500 0.439063 0.806250 0.523438 0.922917 0.538281 0.931250 0.459375
0 0.641667 0.411719 0.631250 0.505469 0.770833 0.523438 0.782292 0.435937
0 0.410417 0.362500 0.400000 0.468750 0.588542 0.488281 0.596875 0.392188
0 0.825000 0.320312 0.816667 0.403906 0.935417 0.423438 0.943750 0.345313
0 0.648958 0.263281 0.629167 0.353906 0.779167 0.392969 0.795833 0.308594
0 0.423958 0.200781 0.409375 0.303906 0.596875 0.345313 0.608333 0.249219