0 0.537500 0.547656 0.536458 0.547656 0.535417 0.548438 0.537500 0.548438
0 0.455208 0.532813 0.346875 0.546875 0.364583 0.674219 0.473958 0.662500
0 0.306250 0.528906 0.311458 0.528906 0.311458 0.534375 0.306250 0.534375
0 0.300000 0.525781 0.302083 0.523438 0.304167 0.524219 0.302083 0.526563
0 0.278125 0.509375 0.278125 0.508594 0.279167 0.509375 0.279167 0.510156
0 0.497917 0.493750 0.497917 0.493750 0.496875 0.493750 0.496875 0.493750
0 0.279167 0.496875 0.282292 0.489063 0.296875 0.492188 0.294792 0.500000
0 0.256250 0.484375 0.255208 0.484375 0.255208 0.488281 0.256250 0.487500
0 0.255208 0.478125 0.255208 0.478125 0.255208 0.478125 0.255208 0.478125
0 0.259375 0.472656 0.259375 0.473438 0.258333 0.474219 0.259375 0.474219
0 0.261458 0.461719 0.263542 0.461719 0.263542 0.467187 0.261458 0.467187
0 0.389583 0.427344 0.390625 0.425781 0.392708 0.427344 0.390625 0.428125
0 0.586458 0.405469 0.487500 0.509375 0.593750 0.553906 0.678125 0.443750
0 0.238542 0.410938 0.347917 0.367188 0.438542 0.494531 0.329167 0.538281
0 0.681250 0.333594 0.681250 0.333594 0.681250 0.328906 0.681250 0.328906
0 0.686458 0.313281 0.690625 0.313281 0.690625 0.321875 0.686458 0.321875
0 0.475000 0.296875 0.384375 0.333594 0.465625 0.439844 0.556250 0.401562
0 0.719792 0.293750 0.639583 0.403906 0.735417 0.439063 0.813542 0.328906
0 0.582292 0.214062 0.498958 0.259375 0.598958 0.354687 0.684375 0.310156