0 0.617708 0.587500 0.462500 0.599219 0.471875 0.677344 0.634375 0.664062
0 0.387500 0.579688 0.229167 0.623437 0.260417 0.700000 0.422917 0.652344
0 0.796875 0.578906 0.645833 0.601562 0.673958 0.678125 0.826042 0.653125
0 0.582292 0.494531 0.431250 0.507031 0.444792 0.576562 0.598958 0.560937
0 0.376042 0.485938 0.217708 0.500781 0.223958 0.572656 0.387500 0.556250
0 0.826042 0.482812 0.686458 0.505469 0.717708 0.572656 0.860417 0.549219
0 0.568750 0.401562 0.425000 0.415625 0.441667 0.476562 0.587500 0.461719
0 0.233333 0.384375 0.216667 0.446094 0.372917 0.462500 0.384375 0.400000
0 0.729167 0.349219 0.617708 0.398438 0.672917 0.450781 0.780208 0.402344
0 0.426042 0.317969 0.431250 0.376563 0.572917 0.376563 0.566667 0.317969
0 0.247917 0.310156 0.247917 0.368750 0.397917 0.369531 0.394792 0.311719
0 0.708333 0.269531 0.580208 0.285156 0.602083 0.341406 0.731250 0.322656