0 0.525000 0.767969 0.353125 0.796875 0.371875 0.880469 0.543750 0.852344
0 0.732292 0.670312 0.570833 0.713281 0.606250 0.793750 0.767708 0.750000
0 0.348958 0.606250 0.305208 0.685156 0.466667 0.735156 0.508333 0.655469
0 0.865625 0.523438 0.764583 0.625781 0.852083 0.677344 0.951042 0.572656
0 0.532292 0.488281 0.422917 0.588281 0.505208 0.640625 0.613542 0.540625
0 0.215625 0.467187 0.102083 0.473438 0.116667 0.607812 0.230208 0.599219
0 0.723958 0.463281 0.626042 0.571875 0.713542 0.616406 0.810417 0.510938
0 0.394792 0.403125 0.286458 0.509375 0.373958 0.557031 0.478125 0.454688
0 0.685417 0.344531 0.645833 0.421875 0.802083 0.469531 0.843750 0.392188
0 0.533333 0.296875 0.466667 0.416406 0.567708 0.448437 0.633333 0.329688
0 0.358333 0.243750 0.229167 0.333594 0.305208 0.393750 0.432292 0.303906
0 0.566667 0.160156 0.513542 0.232031 0.665625 0.296094 0.716667 0.224219