0 0.591667 0.778906 0.400000 0.789062 0.401042 0.880469 0.592708 0.867188
0 0.840625 0.751563 0.654167 0.761719 0.657292 0.848437 0.840625 0.836719
0 0.577083 0.639062 0.386458 0.661719 0.401042 0.753906 0.586458 0.728906
0 0.639583 0.661719 0.831250 0.631250 0.859375 0.733594 0.667708 0.764062
0 0.563542 0.633594 0.562500 0.634375 0.561458 0.634375 0.563542 0.634375
0 0.581250 0.527344 0.388542 0.538281 0.394792 0.631250 0.586458 0.616406
0 0.829167 0.496094 0.639583 0.507031 0.646875 0.595313 0.835417 0.585156
0 0.564583 0.407813 0.367708 0.407031 0.368750 0.501563 0.565625 0.498437
0 0.816667 0.374219 0.626042 0.389844 0.637500 0.482812 0.825000 0.465625
0 0.539583 0.275000 0.337500 0.288281 0.353125 0.388281 0.550000 0.371094
0 0.623958 0.256250 0.618750 0.352344 0.809375 0.357031 0.815625 0.264844