0 0.500977 0.796875 0.473145 0.973090 0.660156 0.999132 0.677734 0.813368
0 0.255859 0.741319 0.169922 0.724826 0.119629 0.864583 0.205078 0.899306
0 0.312500 0.723958 0.287109 0.895833 0.429688 0.907986 0.450195 0.723090
0 0.180176 0.655382 0.275879 0.671007 0.313965 0.536458 0.216797 0.534722
0 0.524414 0.500868 0.503418 0.652778 0.661621 0.681424 0.677734 0.513021
0 0.491699 0.478299 0.357422 0.518229 0.346191 0.664931 0.489746 0.626736
0 0.351562 0.341146 0.261230 0.352431 0.230957 0.458333 0.321777 0.451389
0 0.522949 0.295139 0.412109 0.325521 0.386719 0.437500 0.499512 0.415799
0 0.693848 0.280382 0.549316 0.289062 0.534668 0.414062 0.685059 0.412326
0 0.373047 0.191840 0.290039 0.203993 0.261230 0.293403 0.345703 0.288194
0 0.513184 0.122396 0.414062 0.151910 0.392090 0.249132 0.494629 0.223958
0 0.681641 0.056424 0.555664 0.102431 0.548828 0.184896 0.681641 0.138021